11401 0.5486854910850525
11402 0.0017498726956546307
11403 1.0658904314041138
11404 0.4525926411151886
11405 -0.17658700048923492
11406 -0.3589595854282379
11407 0.8410776257514954
11408 -0.4467802941799164
11409 0.3993552029132843
11410 0.8877004384994507
11411 -0.5530073642730713
11412 0.838039755821228
11413 -0.7638359069824219
11414 -0.7512486577033997
11415 -0.6920149326324463
11416 0.8858326077461243
11417 0.7300915718078613
11418 0.45178526639938354
11419 0.7985003590583801
11420 -2.462043523788452
11421 0.9189053177833557
11422 -0.016108138486742973
11423 0.2388845682144165
11424 0.42083224654197693
11425 -1.4591423273086548
11426 -0.20070984959602356
11427 0.8186727166175842
11428 0.4190439283847809
11429 -0.12801826000213623
11430 -0.5405175089836121
11431 -0.11164315044879913
11432 0.2938537299633026
11433 0.2459576576948166
11434 -0.39551520347595215
11435 0.5845952033996582
11436 0.6221042275428772
11437 -0.22311338782310486
11438 0.6691485643386841
11439 -0.014052334241569042
11440 -1.0114997625350952
11441 0.5434165596961975
11442 -0.7032619118690491
11443 0.6986830830574036
11444 -1.4012259244918823
11445 -0.9688570499420166
11446 0.7541390657424927
11447 -0.6586040258407593
11448 0.4164317846298218
11449 -0.6677486300468445
11450 -0.03137405961751938
11451 -0.1930086612701416
11452 0.8372581601142883
11453 0.0974658653140068
11454 -1.4750709533691406
11455 -0.03862203285098076
11456 0.5974085330963135
11457 0.2454511672258377
11458 0.602827787399292
11459 0.2571042478084564
11460 0.053115710616111755
11461 0.8271750807762146
11462 -2.0257670879364014
11463 -0.625013530254364
11464 0.11816686391830444
11465 0.7453047633171082
11466 -2.0048460960388184
11467 0.630212664604187
11468 0.061362408101558685
11469 0.45071250200271606
11470 0.7100092768669128
11471 -0.4225276708602905
11472 0.4192490577697754
11473 0.05262055620551109
11474 0.7505080103874207
11475 0.43886610865592957
11476 0.22860698401927948
11477 0.6699140071868896
11478 -0.3887524902820587
11479 0.6938687562942505
11480 0.0968276858329773
11481 0.19592301547527313
11482 -0.6962957382202148
11483 -0.815059244632721
11484 -0.7614975571632385
11485 -1.023638129234314
11486 0.5829984545707703
11487 -0.9547551870346069
11488 -0.4235987365245819
11489 0.3127675950527191
11490 0.479818195104599
11491 -0.014347532764077187
11492 -0.14372363686561584
11493 0.37669578194618225
11494 -1.1882442235946655
11495 -1.0537035465240479
11496 -0.08284412324428558
11497 -0.35554370284080505
11498 0.6287024021148682
11499 0.6129820942878723
11500 -1.4491760730743408
11501 0.32275521755218506
11502 0.7078649997711182
11503 0.7693968415260315
11504 0.01853625848889351
11505 -0.8617064356803894
11506 0.457406222820282
11507 0.21163760125637054
11508 -0.3600326180458069
11509 0.20093174278736115
11510 0.10982030630111694
11511 0.13561496138572693
11512 0.5297242403030396
11513 0.33354803919792175
11514 0.19696709513664246
11515 0.43456020951271057
11516 0.4760717451572418
11517 0.21174106001853943
11518 0.9974167943000793
11519 0.7634074687957764
11520 -0.8236122727394104
11521 0.5348899364471436
11522 0.44104838371276855
11523 0.31126946210861206
11524 0.4589178264141083
11525 -0.525585949420929
11526 0.37423476576805115
11527 0.5986251831054688
11528 -0.4600895047187805
11529 0.37328898906707764
11530 0.7356691360473633
11531 0.29574984312057495
11532 0.6406145095825195
11533 -1.6395760774612427
11534 0.9392068386077881
11535 -0.6845710873603821
11536 0.1193525493144989
11537 -1.2420070171356201
11538 0.23428986966609955
11539 -0.4287201464176178
11540 0.7130561470985413
11541 0.7213350534439087
11542 -1.8346837759017944
11543 1.12436842918396
11544 0.2432563751935959
11545 0.2315656691789627
11546 -0.31845539808273315
11547 0.47468042373657227
11548 0.6073338985443115
11549 -1.2596321105957031
11550 0.5571491718292236
11551 -0.2933909296989441
11552 0.04853976517915726
11553 0.40111419558525085
11554 -0.9574572443962097
11555 0.7463473081588745
11556 0.8264824151992798
11557 0.952009379863739
11558 0.5080137252807617
11559 0.7517839074134827
11560 0.20193316042423248
11561 0.5174891948699951
11562 0.2726845145225525
11563 0.36913764476776123
11564 0.5963913798332214
11565 0.5725268721580505
11566 -0.5238214731216431
11567 0.8809850811958313
11568 0.7507349848747253
11569 -0.6505468487739563
11570 0.4783099293708801
11571 0.3331468999385834
11572 0.35924214124679565
11573 0.3610896170139313
11574 0.07119813561439514
11575 0.669510543346405
11576 0.5174909830093384
11577 0.7035375833511353
11578 -1.041305422782898
11579 0.7193171977996826
11580 0.023995501920580864
11581 0.6382554173469543
11582 0.46805301308631897
11583 0.319319486618042
11584 0.4400468170642853
11585 0.4951116144657135
11586 0.5198307037353516
11587 -0.14149169623851776
11588 -1.2962080240249634
11589 -0.7262500524520874
11590 0.5336539149284363
11591 -1.2545820474624634
11592 0.3548904061317444
11593 0.7285833954811096
11594 -1.177480697631836
11595 0.601548433303833
11596 -1.9078152179718018
11597 0.5134820938110352
11598 0.5999675393104553
11599 -1.0922114849090576
11600 0.3673427999019623
11601 0.48973792791366577
11602 0.40308016538619995
11603 -0.07259758561849594
11604 0.3355901837348938
11605 -1.2742995023727417
11606 -0.8362227082252502
11607 0.9932487607002258
11608 -1.3889356851577759
11609 0.9053701162338257
11610 1.0453083515167236
11611 -0.0570656955242157
11612 0.16363508999347687
11613 0.6778247356414795
11614 0.07189449667930603
11615 0.774949848651886
11616 -1.6588345766067505
11617 0.3286546766757965
11618 0.41897451877593994
11619 -0.7293844819068909
11620 0.01599336415529251
11621 -0.3087159991264343
11622 0.15313208103179932
11623 -0.1368127167224884
11624 0.17336420714855194
11625 -1.5259159803390503
11626 -0.24882186949253082
11627 0.4355940520763397
11628 0.27930933237075806
11629 -1.0446717739105225
11630 0.5249831080436707
11631 0.49035319685935974
11632 0.18079310655593872
11633 0.8095804452896118
11634 -0.3397381901741028
11635 -1.126547932624817
11636 -0.2511492073535919
11637 0.4509718716144562
11638 -1.8022221326828003
11639 0.36736470460891724
11640 0.5178543329238892
11641 -0.7060624361038208
11642 0.07027996331453323
11643 -0.7830362319946289
11644 0.44162243604660034
11645 -0.08845354616641998
11646 0.27541568875312805
11647 -0.5015273094177246
11648 0.6046427488327026
11649 0.00623073847964406
11650 0.5267467498779297
11651 0.6948786377906799
11652 0.5256384611129761
11653 0.602616548538208
11654 0.6025723814964294
11655 -0.018704550340771675
11656 0.08303627371788025
11657 -0.9827812910079956
11658 0.10873029381036758
11659 0.4126399755477905
11660 -1.3609144687652588
11661 -0.8337096571922302
11662 0.2032344490289688
11663 -0.341994971036911
11664 1.0901533365249634
11665 0.4834870994091034
11666 -0.5762239694595337
11667 -0.31166210770606995
11668 0.6911281943321228
11669 0.6919582486152649
11670 -2.1201727390289307
11671 0.6208847761154175
11672 -0.2881062626838684
11673 0.45805689692497253
11674 -0.8552954196929932
11675 0.06917621195316315
11676 -0.10882578045129776
11677 0.5209049582481384
11678 0.8325759172439575
11679 0.33890050649642944
11680 -1.105703353881836
11681 -0.06601254642009735
11682 0.7706283330917358
11683 0.8387535214424133
11684 -1.9091033935546875
11685 0.615216076374054
11686 -1.717397689819336
11687 -0.7484402656555176
11688 0.33944016695022583
11689 -0.9440593719482422
11690 0.8836038708686829
11691 0.45114853978157043
11692 -0.31637048721313477
11693 -0.13192500174045563
11694 -0.26491183042526245
11695 0.44914254546165466
11696 0.06997834146022797
11697 0.29357942938804626
11698 0.31251290440559387
11699 0.8509544134140015
11700 -0.24895760416984558
11701 -0.537463366985321
11702 0.5642605423927307
11703 -1.0163376331329346
11704 -0.1324872225522995
11705 -0.6864702105522156
11706 0.3790629804134369
11707 -1.5026799440383911
11708 0.470605731010437
11709 -0.22418102622032166
11710 0.7280182838439941
11711 0.020508484914898872
11712 0.05314328148961067
11713 0.8417395353317261
11714 0.731571614742279
11715 0.265318363904953
11716 -0.9480113983154297
11717 0.6316115260124207
11718 0.25103870034217834
11719 0.8435872197151184
11720 -0.023831816390156746
11721 -0.8343362808227539
11722 -2.4459402561187744
11723 -0.8813068270683289
11724 0.8536999821662903
11725 0.12083162367343903
11726 0.9431645274162292
11727 0.3520595133304596
11728 0.4697404205799103
11729 0.526857852935791
11730 0.5373940467834473
11731 -0.6097158193588257
11732 0.6181805729866028
11733 0.6927917003631592
11734 0.22059909999370575
11735 0.38037580251693726
11736 0.4133703112602234
11737 0.39427250623703003
11738 0.37435275316238403
11739 0.6505702137947083
11740 0.6916957497596741
11741 -0.665453314781189
11742 -0.36538824439048767
11743 0.6524870991706848
11744 0.519542932510376
11745 -0.22572889924049377
11746 0.6764784455299377
11747 0.8548977971076965
11748 -0.5488929748535156
11749 0.3589183986186981
11750 0.6512225270271301
11751 -0.9144449830055237
11752 0.6612566709518433
11753 0.035241659730672836
11754 -0.1890847533941269
11755 0.6275386214256287
11756 0.5716284513473511
11757 0.2928137183189392
11758 -0.35479477047920227
11759 -0.2305947095155716
11760 0.16529996693134308
11761 -2.0067391395568848
11762 0.1779395341873169
11763 -0.2075989693403244
11764 0.5308640003204346
11765 0.34146183729171753
11766 -0.6151911020278931
11767 -1.0308948755264282
11768 -0.23735125362873077
11769 -2.6052751541137695
11770 -0.06058770418167114
11771 -0.3838045597076416
11772 0.1048765778541565
11773 -0.4560658931732178
11774 -0.47967714071273804
11775 -0.9423828721046448
11776 -0.38938552141189575
11777 0.8547539114952087
11778 0.2739240229129791
11779 0.31051281094551086
11780 0.47649264335632324
11781 0.41603758931159973
11782 -0.3267754018306732
11783 0.06812861561775208
11784 0.5962170958518982
11785 -0.4673367738723755
11786 0.5701230764389038
11787 0.5469526648521423
11788 -0.09257211536169052
11789 0.4504854381084442
11790 -0.4340711534023285
11791 0.8304945826530457
11792 0.45425283908843994
11793 0.7666882872581482
11794 -0.1377360075712204
11795 0.3959381878376007
11796 0.17507115006446838
11797 0.8529154658317566
11798 -0.6632018685340881
11799 -0.24846085906028748
11800 0.7617908716201782
11801 1.0154896974563599
11802 0.5945730805397034
11803 -0.9167468547821045
11804 0.45908668637275696
11805 0.5152057409286499
11806 0.7650159597396851
11807 0.4385015666484833
11808 -1.43507981300354
11809 -0.5820969343185425
11810 -0.17155928909778595
11811 -0.15174676477909088
11812 -0.6233322024345398
11813 -1.4929496049880981
11814 -0.6154090166091919
11815 0.5154830813407898
11816 -0.5409695506095886
11817 0.39227762818336487
11818 0.3637460172176361
11819 -0.89920574426651
11820 -1.1928733587265015
11821 -0.9187620878219604
11822 0.627492368221283
11823 5.60757303237915
11824 -1.5271130800247192
11825 0.2762904465198517
11826 0.28331583738327026
11827 0.8325894474983215
11828 0.42615848779678345
11829 0.6458709239959717
11830 -0.4182177186012268
11831 0.8243220448493958
11832 -0.04298688471317291
11833 -0.04962059110403061
11834 0.041752684861421585
11835 -0.47693559527397156
11836 0.35467979311943054
11837 -0.0333232581615448
11838 0.20238101482391357
11839 -0.9243261814117432
11840 -1.0478670597076416
11841 0.6153125762939453
11842 0.36563724279403687
11843 -1.2229787111282349
11844 1.0171808004379272
11845 -0.01980889029800892
11846 0.26074716448783875
11847 0.1644323319196701
11848 0.45995140075683594
11849 1.0980775356292725
11850 -0.08273586630821228
11851 -2.0460638999938965
11852 -1.0020323991775513
11853 -0.05760045349597931
11854 0.08039829134941101
11855 0.032520610839128494
11856 -0.6853029131889343
11857 0.16690072417259216
11858 -2.3108527660369873
11859 0.6350359916687012
11860 0.08972183614969254
11861 0.007704058196395636
11862 0.014532018452882767
11863 -0.2802763283252716
11864 0.2660510838031769
11865 -0.8682283163070679
11866 -0.8257436156272888
11867 0.49756839871406555
11868 0.6229969263076782
11869 -0.15605884790420532
11870 -0.6209037899971008
11871 0.5972433090209961
11872 0.7015252113342285
11873 0.4785776138305664
11874 1.0658249855041504
11875 0.7592605352401733
11876 1.0091811418533325
11877 0.7673563361167908
11878 0.8047857880592346
11879 0.3731473982334137
11880 0.6654093265533447
11881 -0.2580468952655792
11882 0.03198050335049629
11883 0.33272063732147217
11884 0.7565869688987732
11885 0.023644477128982544
11886 0.7580487728118896
11887 0.9173299074172974
11888 0.7781182527542114
11889 0.1322837620973587
11890 -0.8390068411827087
11891 0.36066824197769165
11892 0.10748430341482162
11893 0.6580246090888977
11894 0.30311599373817444
11895 0.18523363769054413
11896 -2.414738893508911
11897 0.4690079391002655
11898 0.5455597639083862
11899 0.5501113533973694
11900 0.17519338428974152
11901 0.48069149255752563
11902 0.9735566973686218
11903 0.5851337909698486
11904 0.4718415141105652
11905 0.5444604158401489
11906 -0.4075331389904022
11907 0.2496349960565567
11908 -0.06083517521619797
11909 0.47962793707847595
11910 0.5266752243041992
11911 -0.8046940565109253
11912 0.09051047265529633
11913 0.13880237936973572
11914 -0.4258917272090912
11915 -1.2614905834197998
11916 0.22906862199306488
11917 -1.8582583665847778
11918 0.11563125997781754
11919 0.015022346749901772
11920 -1.2348623275756836
11921 0.9517180919647217
11922 -0.12892983853816986
11923 0.2220618575811386
11924 -0.31962287425994873
11925 -1.262921690940857
11926 1.0651451349258423
11927 -1.0106971263885498
11928 -1.821044683456421
11929 -0.6376230716705322
11930 0.40127483010292053
11931 -0.16862110793590546
11932 -1.025510549545288
11933 -0.4583726227283478
11934 -0.11777709424495697
11935 0.48517516255378723
11936 0.6089391112327576
11937 0.44748547673225403
11938 -0.9757316708564758
11939 0.10058988630771637
11940 0.31131747364997864
11941 0.9583397507667542
11942 0.2804170250892639
11943 -0.18338528275489807
11944 0.6676689386367798
11945 0.322347491979599
11946 0.590642511844635
11947 0.42591968178749084
11948 0.274589478969574
11949 0.48209747672080994
11950 1.0471820831298828
11951 0.9610239863395691
11952 -2.247697591781616
11953 0.16940952837467194
11954 -1.6605862379074097
11955 0.0056219096295535564
11956 0.6599987149238586
11957 -0.8105431199073792
11958 0.1923498809337616
11959 -0.16548946499824524
11960 0.4621776342391968
11961 0.5473068952560425
11962 -0.6824071407318115
11963 -0.14066193997859955
11964 0.0197252556681633
11965 0.08082567155361176
11966 0.3914415240287781
11967 0.5442094206809998
11968 -0.18179292976856232
11969 0.13824990391731262
11970 0.1970376819372177
11971 0.4411313831806183
11972 0.5402547121047974
11973 0.17381775379180908
11974 -1.7753725051879883
11975 -0.32345524430274963
11976 0.45107871294021606
11977 -0.5579546689987183
11978 -0.5371770262718201
11979 -0.9060314893722534
11980 -1.5000407695770264
11981 0.3014150559902191
11982 0.5122376680374146
11983 0.5239354968070984
11984 0.45401129126548767
11985 0.5647932291030884
11986 0.6995548605918884
11987 0.7305506467819214
11988 0.04092508554458618
11989 -0.7186371684074402
11990 0.230486661195755
11991 -1.6079646348953247
11992 0.1975017935037613
11993 0.18569965660572052
11994 -0.38104447722435
11995 0.6600795388221741
11996 0.5799248218536377
11997 0.1881140023469925
11998 -1.8669118881225586
11999 0.13220296800136566
12000 0.31591135263442993
