11401 0.27250578105612977
11402 -0.20359684083813784
11403 0.8481201071892444
11404 0.4012938477428236
11405 -0.1903342795238268
11406 -0.3859924209073875
11407 0.6575414251244873
11408 -0.10970959192859987
11409 0.28027953166948916
11410 0.9421537809274123
11411 -0.5873204861948405
11412 0.8388473266159826
11413 -0.572989781803176
11414 -1.292454582521097
11415 -1.1372862318643118
11416 0.9455541784042159
11417 0.38526934561510595
11418 0.36054187557499773
11419 0.49868937795964274
11420 -2.4508043422296835
11421 0.7612504683529908
11422 -0.026082386519093358
11423 0.1726057442749745
11424 0.2066163439335446
11425 -1.613463024775742
11426 -0.7762671671301145
11427 0.7487579344554032
11428 -0.5868771039226504
11429 -0.1640452767192186
11430 -0.5173931317209127
11431 0.45288552813220995
11432 0.12460534288335799
11433 0.25487639757713965
11434 -0.28875760728775113
11435 0.3279527919785258
11436 0.48378647123458773
11437 -0.21200238536360327
11438 0.6152123583559892
11439 0.2966485426699609
11440 -0.6557837639769857
11441 0.43684457750475175
11442 -1.0588786171833138
11443 0.502074815077655
11444 -0.9906752486567801
11445 -1.1366943738056627
11446 0.5132187244063344
11447 -0.8207119019494244
11448 0.4751149919488285
11449 -0.7320389611233487
11450 0.21823219766095836
11451 -0.25704592322777237
11452 0.5780281294257537
11453 -0.44644204260735093
11454 -1.186872328337101
11455 -0.5510930938765041
11456 0.3805081301261237
11457 0.45285446777876615
11458 0.8082343256619094
11459 0.2900022199833795
11460 -0.12449916617764262
11461 0.8553335136929929
11462 -2.6606497397365985
11463 -0.28349226197044775
11464 0.022250129710082393
11465 0.7372678303762719
11466 -1.6437143440829827
11467 -0.0007911811247411885
11468 0.09947960644606041
11469 0.4349955800536935
11470 0.8839626556964146
11471 -0.1796488205773082
11472 0.4786155030486612
11473 -0.04527340131570112
11474 0.6569715321424332
11475 0.18559483013205808
11476 0.2060403001567189
11477 0.4535041600418215
11478 -0.3651080262019888
11479 0.7801818382549444
11480 -0.24883199023326463
11481 0.3531291259726306
11482 -0.41521097003499113
11483 -1.0195050339424396
11484 -0.8192880982686519
11485 -0.9765598849572336
11486 0.42831665117898055
11487 -0.41903100501184454
11488 0.36384898890901035
11489 0.2401725142511088
11490 0.6515489420749717
11491 0.14942262949958057
11492 -0.41424639812800734
11493 0.41741077778309066
11494 -1.4315829306025234
11495 -0.6461282785435343
11496 -0.3774627877434209
11497 0.26540038665749666
11498 0.4253270848899471
11499 0.3412826408119315
11500 -1.1841382189240748
11501 0.22838221220479904
11502 0.002241170330619886
11503 0.7394024923546594
11504 0.05762234214118455
11505 -0.8762967800862933
11506 0.26049966414544823
11507 0.2699196575536853
11508 -0.027290115998408488
11509 -0.20973853549988974
11510 -0.11939832324674851
11511 -0.002840475787634807
11512 0.18557743039267277
11513 0.49285319129652494
11514 -0.20552073761410095
11515 0.3255913112731723
11516 0.22331594415279737
11517 0.41938221243604457
11518 0.7152605299009837
11519 0.7412091305877946
11520 -0.7777499796923484
11521 0.43277157219385354
11522 0.4753505142209864
11523 0.27542196370533023
11524 0.5172336965222201
11525 0.004083888690075322
11526 0.28756510250943385
11527 0.6233251898702581
11528 -0.3767480766434739
11529 0.32305228035180666
11530 0.7641326192870859
11531 0.017627714050239135
11532 0.514332434060743
11533 -1.7737504991208994
11534 0.8010557568183382
11535 -0.9165967848948174
11536 -0.6737778110508393
11537 -0.756060597246718
11538 0.03168918037032249
11539 -0.4711360667723062
11540 0.29663253996116357
11541 0.7241285875247312
11542 -1.1258342198685518
11543 0.9117883360958561
11544 0.10662689089574934
11545 0.03502189454552458
11546 -0.0024597456856148264
11547 0.5205091921155618
11548 0.2939034648490032
11549 -1.4489414356039663
11550 0.6671957534277861
11551 -0.168663748790484
11552 0.15013986551041952
11553 0.41481165600079073
11554 -0.9425660651739227
11555 0.462240206513421
11556 0.8585072692341918
11557 0.7823170903774405
11558 -0.14035381403635536
11559 0.8475492966490741
11560 0.17395004299253491
11561 0.2527160751712777
11562 0.5828979985833376
11563 0.2639518243497122
11564 0.5411775248787987
11565 0.06615923696557538
11566 -0.6015572894364826
11567 0.8103275249876885
11568 0.7002570725849832
11569 -0.6243107864157195
11570 0.4131610630551831
11571 0.3268040511787136
11572 0.05087753938814561
11573 0.16320253911410865
11574 -0.28044394518666516
11575 0.7144717543656927
11576 0.6717115592222467
11577 0.6989678394783967
11578 -0.8199543389287728
11579 0.5983469643870121
11580 0.32759388090463676
11581 0.850079811172965
11582 0.4066397957377228
11583 0.5764338418280351
11584 0.09091978487996702
11585 0.26404493774523985
11586 0.4098806035351339
11587 -0.19212717474288654
11588 -0.7260067580693337
11589 -0.9599589048889046
11590 0.31151980912556243
11591 -1.2897497997465919
11592 0.2659358889941208
11593 0.6031960718946359
11594 -0.9563656174658328
11595 0.6170412157050066
11596 -1.9262683562984892
11597 0.5052683443539548
11598 0.48062635194945785
11599 -1.3814274333651857
11600 -0.06128932419308676
11601 0.23894694940063843
11602 0.5584540431624234
11603 0.005431620769305074
11604 0.37379282513868833
11605 -1.4225696635885567
11606 -1.010572970594378
11607 0.5625841577781625
11608 -1.7553166200246502
11609 0.8650238765386893
11610 0.7711900354100751
11611 -0.21110578965656915
11612 0.24506155898748008
11613 0.5893670317788628
11614 0.12264517292088237
11615 0.8769358537316491
11616 -2.397113409894792
11617 0.612429585512371
11618 0.5900383579512212
11619 -0.26289218564129113
11620 -0.13793799869991902
11621 -0.0067310591175295045
11622 -0.26370313730109585
11623 -0.0934214660240907
11624 0.22628655031242137
11625 -0.8521165424900143
11626 -0.6094933530599396
11627 0.2552830717978627
11628 -0.20608440189967742
11629 -1.0302009544048463
11630 0.693455933517118
11631 0.24048359609201958
11632 0.08963559828476825
11633 0.7597598485620325
11634 -0.22426468610905093
11635 -1.1410478467659106
11636 -0.2196014913735502
11637 0.03881443826398784
11638 -1.6119200186604696
11639 0.5593084376639974
11640 -0.03841820726466553
11641 -0.5423833019583846
11642 0.13892910207819242
11643 -0.40686357830977016
11644 0.022576360272288556
11645 -0.22982314385881847
11646 -0.10557930420331513
11647 -0.7857529448660989
11648 0.2640105208900251
11649 0.1646638195752389
11650 0.21338567801542696
11651 0.6603290137125383
11652 0.4425696488366261
11653 0.46165046291303125
11654 0.8054345328171162
11655 0.011783732165806231
11656 0.08964928397501612
11657 -0.9525223079577889
11658 -0.07921983781268542
11659 0.3769970301576713
11660 -1.6285018944567642
11661 -0.6945682557588553
11662 0.10164517459168165
11663 -0.482390837083863
11664 0.9929409421256807
11665 0.402570056335005
11666 -0.5898187017608201
11667 0.004698626599444259
11668 0.26564851631646247
11669 0.7312563331649006
11670 -2.4075796057789267
11671 0.593922828254019
11672 -0.11063139718320159
11673 0.8562863211364857
11674 -0.5649030848968437
11675 0.08096647704147747
11676 -0.04986719368416488
11677 0.5510461176319943
11678 0.6961740641143112
11679 0.44268535901048245
11680 -0.944448777830318
11681 0.05145056409240632
11682 -0.23587078394502103
11683 0.7995670309108123
11684 -1.783383398068573
11685 0.4118759588436325
11686 -1.7295908034531946
11687 -0.3460780270722199
11688 0.16758402455827925
11689 -1.1051213268635043
11690 0.7089187956142042
11691 0.6180404446967753
11692 -0.11593648790512942
11693 -0.24704462169731095
11694 -0.36838017275550927
11695 0.5312011473892866
11696 0.009283532535168877
11697 0.45569789234124125
11698 -0.9532364366993628
11699 0.611665903816501
11700 -0.4904455921267584
11701 -0.6165135841010958
11702 0.4535408355781081
11703 -0.9313848904315538
11704 -0.7779073009184334
11705 -0.4339376584200005
11706 0.33376689855714214
11707 -1.0582142292568215
11708 0.5018703111680503
11709 -0.1365154087443996
11710 0.6736221223909085
11711 -0.07707730978650398
11712 0.2691693084746555
11713 1.018702480932062
11714 0.1757148780507576
11715 0.43251063866884343
11716 -0.6845997930540306
11717 0.34448113659348434
11718 0.12960385600978178
11719 0.5801328845619116
11720 -0.03483115074678043
11721 -0.6088611942005921
11722 -1.9753343427427996
11723 -1.2006694492332421
11724 0.7486058968246432
11725 0.1623745342948751
11726 0.7540170503346304
11727 0.4818068433894137
11728 0.27701562915572897
11729 0.26835482529752364
11730 0.28407700162743166
11731 -0.8349769782168206
11732 0.7975973231620901
11733 0.78518053389976
11734 -0.025545909573282233
11735 0.2832149353701682
11736 0.2204868343546386
11737 0.2395943978873149
11738 0.2743990150817678
11739 0.442538330767854
11740 0.6895619133049333
11741 -0.2882994755134091
11742 -0.40977659337117806
11743 0.5366620296512499
11744 0.5267368273661734
11745 0.1664913196065238
11746 0.7343854858632378
11747 0.9137072532545063
11748 -0.7371576646580367
11749 0.059239963591132844
11750 0.6680257346706473
11751 -0.655693254297807
11752 -0.26962065442111927
11753 -0.10310711270630754
11754 -0.47467067607320834
11755 0.5896665848366076
11756 0.8266433784822826
11757 -0.8237420109412037
11758 -0.9569178092308399
11759 -0.17680144434766717
11760 0.1494822963631608
11761 -2.429405413364533
11762 -0.11158357244155376
11763 -0.4062522925723695
11764 0.2961322167120176
11765 0.35572173457084133
11766 -0.7358443823228977
11767 -1.0723746305956006
11768 -0.0290291318816164
11769 -2.3514931669697563
11770 -0.030248938380961404
11771 -0.17015622787258744
11772 -0.03479422039261776
11773 -0.4481966196744652
11774 -0.24397825210052165
11775 -0.5398839266953388
11776 -1.0942641671591993
11777 0.6963906469048152
11778 0.06547192881780312
11779 0.8491622752442474
11780 0.5315973020755047
11781 0.22470728226380393
11782 -0.12271452149936221
11783 -0.23614511743266897
11784 0.2953990503533688
11785 -0.48730802484549496
11786 0.7188693340289021
11787 0.4301790986350965
11788 0.01577913484678311
11789 0.3112421927379828
11790 -0.5194607977088777
11791 0.7367625949776987
11792 0.4998643782820006
11793 0.5632151927179772
11794 -0.18378240477589194
11795 0.32002655925098666
11796 0.4351440766631579
11797 0.7128603333524224
11798 -0.5427415703750194
11799 -0.05620058610242541
11800 0.6573614775233227
11801 1.1933728727577178
11802 0.623200461115178
11803 -0.8093791964094073
11804 0.2462823197193575
11805 0.5298548858818921
11806 0.649739926161419
11807 0.6861703570818466
11808 -1.0515501082622718
11809 0.011346466109526922
11810 -0.23551950215173553
11811 -0.5897706863941652
11812 -0.5183005525001197
11813 -1.3214642971012227
11814 -0.781448055195756
11815 0.6215935975705478
11816 -0.6013237196285839
11817 0.10281916551537452
11818 0.06213785341235151
11819 -0.12155884172055373
11820 -0.9464362004591436
11821 -0.9200471820965532
11822 0.7899291836120887
11823 0.8987025881714052
11824 -1.7970345520684845
11825 0.4991745216275088
11826 -0.07174753269393343
11827 0.6998102585277592
11828 0.4891630622698022
11829 0.6192588805616484
11830 -0.8175288865309698
11831 0.7214889664388409
11832 -0.3814398499219833
11833 -0.39806646387461264
11834 0.06325079958561562
11835 -0.5534366914938629
11836 0.1144712032865497
11837 0.0872261532320694
11838 0.16370070614092402
11839 -0.6652550214979329
11840 -1.0449481776968288
11841 0.3357305442896886
11842 0.2539668052350025
11843 -1.2005010066863184
11844 0.4545790035313583
11845 0.1498858015713389
11846 0.10777446208824285
11847 -0.22345031249115954
11848 0.6722820498536777
11849 0.8709805487315087
11850 -0.07447496432939717
11851 -2.3897819445701503
11852 -0.5868944027719034
11853 -0.2201195932941606
11854 -0.04694112565521544
11855 -0.25592968621848533
11856 -0.3744493280848433
11857 0.13508027876559453
11858 -2.4842033914288706
11859 0.39357501800809125
11860 -0.3200594893619834
11861 0.14580524106125392
11862 -0.017339227869788015
11863 -0.1413037074902339
11864 0.4658578435247813
11865 -0.5138837510771366
11866 -0.5159329565784685
11867 0.48927141264812013
11868 0.35841529184800736
11869 0.051819012718545415
11870 -1.0458235286831883
11871 0.3270563382182029
11872 0.5082397896771562
11873 0.5022431413112387
11874 1.0178678026905046
11875 0.6086096740963629
11876 0.9100487950209468
11877 0.7555459971344357
11878 0.7738893254872641
11879 0.3093876074279168
11880 0.18375787118313414
11881 -0.2436974760889038
11882 0.15319382952905508
11883 0.1307461872198233
11884 0.8070562707428297
11885 0.1312512137713773
11886 0.7587136432238223
11887 0.9794002159233102
11888 0.8270929087623997
11889 -0.011435506832818958
11890 -0.44687024090670685
11891 0.4595210430854672
11892 -0.22240343423182313
11893 0.5304694568527231
11894 0.11016302189735011
11895 -0.12108308528828358
11896 -2.2788621992516545
11897 0.6549053114323986
11898 0.5933781450389732
11899 0.46261626375498954
11900 0.010138661862641242
11901 0.41491181564443746
11902 1.0488951430952729
11903 0.32816399208683067
11904 0.27587210917434407
11905 0.6169391224161543
11906 -1.1499965664199823
11907 0.07931929396013641
11908 0.11377820894166238
11909 0.5906411839889532
11910 0.18929648931893933
11911 -0.46406465131619323
11912 0.12967007864962424
11913 0.10246950023250173
11914 -0.21566199130967362
11915 -1.3826542956553793
11916 0.12103430582470726
11917 -1.4330721219831717
11918 -0.09665588503671327
11919 -0.1869970293028706
11920 -1.128801830921462
11921 0.7099321226577142
11922 -0.7719779277966663
11923 0.02806188114872182
11924 0.22490277242282852
11925 -1.2071340683142702
11926 0.8995798009856397
11927 -0.4147815121657674
11928 -2.0714241127042308
11929 -0.8586007115743082
11930 0.3036154127409409
11931 0.09801460438435866
11932 -0.4385366476382964
11933 -0.5123751640938925
11934 0.060860848972178964
11935 0.24316759211221728
11936 0.6341474464043348
11937 0.3912679872927557
11938 -0.9911037462297382
11939 -0.14813833493022255
11940 0.1341957369667476
11941 0.6859746785631728
11942 0.023011979689166503
11943 0.018872577568179193
11944 0.2057726103872226
11945 0.23733965619100444
11946 0.42957950362897823
11947 0.5402600515969652
11948 0.32195120489727663
11949 0.5647278040779407
11950 0.6280992631118105
11951 0.8628245415890756
11952 -1.9386476252137799
11953 -0.21065210059605355
11954 -1.2866757033798424
11955 0.0298785592324268
11956 0.44458440882566125
11957 -0.7291103752052835
11958 0.22565221935207092
11959 -1.0329999004838104
11960 0.20978235429203834
11961 0.19933498204775696
11962 -0.3535378200611944
11963 -0.006429602013097993
11964 -0.2891812672987666
11965 0.025846188297626926
11966 0.4850577216127042
11967 0.4288193128735337
11968 -0.38783757392330087
11969 0.07258324635727109
11970 0.20279962182959718
11971 0.42546922633239775
11972 0.34657551033980927
11973 0.7086470941928376
11974 -2.0302846404707986
11975 -0.8777718687666405
11976 0.2942909263715552
11977 -0.7431290332317932
11978 -0.44894011202144335
11979 -1.0546074174834348
11980 -1.4435057519608683
11981 -0.009061236371974266
11982 0.5671756178421564
11983 0.1206238091727437
11984 0.1548975142408879
11985 0.5547849410668739
11986 0.45353611896314205
11987 0.5235938532691379
11988 -0.020481316078666677
11989 0.1651103848994888
11990 0.12192684736790077
11991 -1.7043600162045942
11992 0.1810977656421518
11993 0.4300581636854565
11994 -0.3653646983638429
11995 0.6329949239651406
11996 0.3861668672301911
11997 0.0802767290747848
11998 -2.137410911660238
11999 -0.25296739676810454
12000 -0.001400298797773389
