11401 0.46435025334358215
11402 0.16207416355609894
11403 1.0104990005493164
11404 0.20926512777805328
11405 -0.06888385117053986
11406 -0.480756938457489
11407 0.3885713219642639
11408 0.2086757868528366
11409 0.5591850280761719
11410 1.1322612762451172
11411 -0.35005301237106323
11412 0.7660091519355774
11413 -1.021581768989563
11414 -0.6884584426879883
11415 -0.33040300011634827
11416 0.9825577139854431
11417 0.4214048385620117
11418 0.4923117756843567
11419 0.4674978256225586
11420 -2.287558078765869
11421 1.0490562915802002
11422 0.5360664129257202
11423 0.058621324598789215
11424 0.28805097937583923
11425 -1.6412307024002075
11426 -0.5728827118873596
11427 0.8684091567993164
11428 0.6925719380378723
11429 0.11324082314968109
11430 -1.2575827836990356
11431 -0.02207287773489952
11432 0.26999136805534363
11433 0.3186872601509094
11434 -0.7552302479743958
11435 0.8013176918029785
11436 0.5668606758117676
11437 -0.10413683205842972
11438 0.5147303342819214
11439 0.4819689691066742
11440 -0.7044999003410339
11441 -0.016990356147289276
11442 -0.9703266024589539
11443 0.9022755026817322
11444 -1.2441695928573608
11445 -0.9905005097389221
11446 0.11371173709630966
11447 -0.49422383308410645
11448 0.6661878228187561
11449 -0.790242612361908
11450 -0.03137405961751938
11451 -0.9015942215919495
11452 0.9671984314918518
11453 -0.18543842434883118
11454 -1.5036852359771729
11455 -0.45416727662086487
11456 0.1729152500629425
11457 -0.009897753596305847
11458 0.9568725228309631
11459 0.12018975615501404
11460 0.03962681069970131
11461 0.13616304099559784
11462 -3.1400673389434814
11463 -0.274583101272583
11464 -0.1255343109369278
11465 1.056111454963684
11466 -1.4290220737457275
11467 -0.22647248208522797
11468 0.13698989152908325
11469 0.9427082538604736
11470 1.473817229270935
11471 -0.39154496788978577
11472 1.3837196826934814
11473 -0.10068932920694351
11474 0.6988537311553955
11475 0.46810588240623474
11476 -0.012266011908650398
11477 1.1338599920272827
11478 -0.4458989202976227
11479 0.9758955836296082
11480 0.010517528280615807
11481 0.3794756531715393
11482 -0.0653461143374443
11483 -0.9910862445831299
11484 -0.7215319871902466
11485 -0.886363685131073
11486 0.6828118562698364
11487 -0.5795944333076477
11488 -0.32307034730911255
11489 0.5236945748329163
11490 0.73470139503479
11491 0.8697653412818909
11492 -0.26646187901496887
11493 0.7910575270652771
11494 -1.478499174118042
11495 -0.46408501267433167
11496 0.22793389856815338
11497 -0.41233789920806885
11498 0.2020144760608673
11499 0.4153338372707367
11500 -1.7809889316558838
11501 0.6709058284759521
11502 0.5288729667663574
11503 1.2302805185317993
11504 -0.4446619749069214
11505 -0.6873400211334229
11506 0.3159712851047516
11507 0.43663039803504944
11508 -0.14422045648097992
11509 0.30810052156448364
11510 -0.20292019844055176
11511 -0.3203197717666626
11512 0.5350574254989624
11513 0.3067353069782257
11514 0.1405004858970642
11515 0.6832291483879089
11516 0.3222667872905731
11517 0.13850562274456024
11518 1.130798101425171
11519 0.33164840936660767
11520 -1.0451083183288574
11521 0.19194751977920532
11522 0.32085058093070984
11523 0.5959808230400085
11524 0.41830602288246155
11525 -0.13319791853427887
11526 0.29143527150154114
11527 0.5767337679862976
11528 -0.22283747792243958
11529 0.15925000607967377
11530 1.2723995447158813
11531 0.42651382088661194
11532 0.21305109560489655
11533 -2.007643222808838
11534 0.8851423859596252
11535 -0.5655061602592468
11536 0.36055630445480347
11537 -0.7493865489959717
11538 -0.17586839199066162
11539 -0.7043951749801636
11540 0.5535205006599426
11541 0.6057945489883423
11542 -1.037970781326294
11543 1.0454391241073608
11544 0.14935994148254395
11545 0.169094979763031
11546 0.24854676425457
11547 0.29572126269340515
11548 0.6520587801933289
11549 -0.7170870900154114
11550 0.6983338594436646
11551 -0.37398114800453186
11552 -0.259408563375473
11553 0.18100738525390625
11554 -1.2266566753387451
11555 0.6777252554893494
11556 1.2983542680740356
11557 1.093313455581665
11558 0.13716574013233185
11559 1.4983209371566772
11560 0.44955217838287354
11561 0.5170966982841492
11562 0.5859586000442505
11563 -0.21625716984272003
11564 0.8939414024353027
11565 0.1636512130498886
11566 -0.5680444836616516
11567 0.5929195880889893
11568 0.9576883912086487
11569 -0.6448938846588135
11570 0.11577310413122177
11571 0.5776663422584534
11572 0.2972296178340912
11573 -0.08657292276620865
11574 -0.8691513538360596
11575 0.701354444026947
11576 0.5198352336883545
11577 0.23790369927883148
11578 -1.0190163850784302
11579 0.8453850150108337
11580 0.33534038066864014
11581 0.7374937534332275
11582 0.5326504111289978
11583 1.0993678569793701
11584 -0.23793372511863708
11585 0.787198543548584
11586 0.3832339942455292
11587 -0.20377668738365173
11588 -0.8931576013565063
11589 -0.7279953956604004
11590 0.5201660394668579
11591 -1.0301252603530884
11592 -0.31967753171920776
11593 0.9290027618408203
11594 -0.7096424102783203
11595 0.8296806216239929
11596 -2.081711769104004
11597 0.5311878323554993
11598 0.11271768063306808
11599 -1.3549621105194092
11600 -0.24479390680789948
11601 0.6950905323028564
11602 0.30525845289230347
11603 -0.13275817036628723
11604 0.46295544505119324
11605 -0.8570561408996582
11606 -0.7192322015762329
11607 0.8859498500823975
11608 -1.3545211553573608
11609 1.4731016159057617
11610 0.7103868126869202
11611 -0.39436885714530945
11612 0.337011456489563
11613 0.7237313389778137
11614 -0.28984588384628296
11615 1.4433085918426514
11616 -1.9840087890625
11617 0.5217806696891785
11618 0.8561018705368042
11619 -0.27837690711021423
11620 0.29610830545425415
11621 -0.11421120166778564
11622 0.8144474625587463
11623 0.1634158194065094
11624 0.042633723467588425
11625 -1.7336519956588745
11626 -0.17017912864685059
11627 0.8870995044708252
11628 0.029513688758015633
11629 -0.7412470579147339
11630 0.7678355574607849
11631 0.8938812017440796
11632 0.17390908300876617
11633 0.6455026268959045
11634 0.6695923209190369
11635 -0.7286393642425537
11636 0.46132975816726685
11637 0.9153046011924744
11638 -2.2964789867401123
11639 0.36426597833633423
11640 0.03983348608016968
11641 -0.2918381094932556
11642 0.03665689751505852
11643 -0.18102292716503143
11644 -0.11029373854398727
11645 -0.16681480407714844
11646 0.1909327208995819
11647 0.053865641355514526
11648 0.1442830115556717
11649 0.37465810775756836
11650 0.2784183919429779
11651 0.549831211566925
11652 1.005077600479126
11653 0.9717726111412048
11654 0.26701298356056213
11655 0.015192264690995216
11656 0.3322218358516693
11657 -0.49025359749794006
11658 0.14745575189590454
11659 0.3376535177230835
11660 -1.2866532802581787
11661 -0.6712651252746582
11662 0.7158150672912598
11663 0.18893173336982727
11664 0.943842351436615
11665 1.043078064918518
11666 -1.3042209148406982
11667 -0.45475268363952637
11668 0.23435430228710175
11669 0.6159291863441467
11670 -2.2742486000061035
11671 0.7967796325683594
11672 -0.6094838380813599
11673 0.77867192029953
11674 -0.8666911125183105
11675 -0.0769927129149437
11676 -0.05223598703742027
11677 0.914109468460083
11678 0.8459700345993042
11679 0.30265524983406067
11680 -1.023188591003418
11681 0.04099712893366814
11682 0.6996154189109802
11683 0.9223736524581909
11684 -2.2715325355529785
11685 0.7117778062820435
11686 -1.7680894136428833
11687 -0.48263081908226013
11688 0.22532494366168976
11689 -0.9744100570678711
11690 0.7845775485038757
11691 0.7101258039474487
11692 -0.06281532347202301
11693 -0.11599791049957275
11694 0.15232475101947784
11695 1.0113719701766968
11696 -0.22130149602890015
11697 0.5751676559448242
11698 -0.12978233397006989
11699 1.3899171352386475
11700 -0.5455737113952637
11701 -0.31609827280044556
11702 0.35640349984169006
11703 -1.5885746479034424
11704 -0.17477095127105713
11705 -0.410996675491333
11706 0.2448463886976242
11707 -1.3136276006698608
11708 0.35577815771102905
11709 -0.7893967032432556
11710 0.7732856869697571
11711 0.2299988716840744
11712 -0.296958327293396
11713 1.3508120775222778
11714 0.40808534622192383
11715 0.12713348865509033
11716 -0.5079359412193298
11717 0.20412901043891907
11718 0.31454581022262573
11719 0.8221851587295532
11720 0.4066413938999176
11721 -0.9675064086914062
11722 -2.5745906829833984
11723 -1.264804482460022
11724 1.1815506219863892
11725 0.25631844997406006
11726 1.1234393119812012
11727 0.42262011766433716
11728 0.5024824738502502
11729 0.6149542927742004
11730 -0.03511098772287369
11731 -0.2864425480365753
11732 1.2293082475662231
11733 0.7949375510215759
11734 0.19131335616111755
11735 0.39989250898361206
11736 -0.09283949434757233
11737 0.468127578496933
11738 0.4861644506454468
11739 0.28945937752723694
11740 1.0420820713043213
11741 0.1569647490978241
11742 -0.5369119644165039
11743 1.133115530014038
11744 0.42790254950523376
11745 -0.15189281105995178
11746 0.749230146408081
11747 0.45091482996940613
11748 -1.0228824615478516
11749 0.4298247694969177
11750 2.0856549739837646
11751 -1.1875709295272827
11752 1.218213438987732
11753 -0.45919275283813477
11754 -0.3576247990131378
11755 1.2323330640792847
11756 0.9887696504592896
11757 -0.9242183566093445
11758 -0.46601226925849915
11759 0.07511171698570251
11760 0.39244645833969116
11761 -2.619872570037842
11762 -0.48156142234802246
11763 0.5630612969398499
11764 0.9239296317100525
11765 0.2714913785457611
11766 -0.5103359818458557
11767 -0.8674682378768921
11768 0.9028432369232178
11769 -2.169154405593872
11770 0.14090920984745026
11771 0.3973429501056671
11772 0.39617717266082764
11773 -0.6156012415885925
11774 0.016789060086011887
11775 -0.7144638299942017
11776 -0.7027177810668945
11777 1.0243539810180664
11778 0.20847900211811066
11779 1.4169197082519531
11780 0.8314158320426941
11781 -0.6508561372756958
11782 -0.4977654218673706
11783 -0.07403938472270966
11784 0.570618748664856
11785 -0.16759644448757172
11786 -0.04020365700125694
11787 0.7226652503013611
11788 -0.6398824453353882
11789 0.6818838119506836
11790 -1.0212370157241821
11791 0.7864987254142761
11792 1.2091126441955566
11793 1.1561355590820312
11794 0.3589940071105957
11795 0.5653311014175415
11796 0.1899637132883072
11797 0.9511547684669495
11798 -0.301016241312027
11799 0.3310784697532654
11800 0.6226641535758972
11801 1.3066214323043823
11802 0.3883805274963379
11803 -0.6462756395339966
11804 0.19295407831668854
11805 0.9173402786254883
11806 0.22261032462120056
11807 0.36550745368003845
11808 -1.1526739597320557
11809 0.11184104532003403
11810 -0.45723044872283936
11811 -0.3230830729007721
11812 -0.4411298334598541
11813 -1.4935053586959839
11814 -0.7601450681686401
11815 0.9686504602432251
11816 -0.7193560600280762
11817 -0.16420872509479523
11818 0.5769231915473938
11819 -0.9408002495765686
11820 -0.812894880771637
11821 -0.7643499374389648
11822 1.031434416770935
11823 0.7603441476821899
11824 -1.0213326215744019
11825 0.11554178595542908
11826 -0.21358484029769897
11827 0.8640702962875366
11828 0.3961222171783447
11829 0.6635461449623108
11830 -1.0683435201644897
11831 1.276881456375122
11832 0.023017406463623047
11833 -0.6068834066390991
11834 -0.4224091172218323
11835 -0.9046228528022766
11836 -0.19210243225097656
11837 -0.664188802242279
11838 1.4310286045074463
11839 -0.6746981143951416
11840 -0.4364541471004486
11841 0.006630222778767347
11842 0.0824555978178978
11843 -1.4525611400604248
11844 1.2527810335159302
11845 0.5741778612136841
11846 0.28117045760154724
11847 0.21946242451667786
11848 1.258015751838684
11849 0.49496206641197205
11850 -0.48058226704597473
11851 -2.467602491378784
11852 -0.5508093237876892
11853 -0.44229450821876526
11854 0.09748995304107666
11855 -0.09153058379888535
11856 -0.24383553862571716
11857 -0.14350900053977966
11858 -2.687316656112671
11859 0.6313633918762207
11860 -0.1253824681043625
11861 0.5182396769523621
11862 0.64182049036026
11863 -0.2440592348575592
11864 0.0989496037364006
11865 -0.6804242730140686
11866 -0.8677425980567932
11867 0.7201834917068481
11868 0.910405695438385
11869 0.0419858954846859
11870 -0.43213900923728943
11871 0.7479298114776611
11872 0.7973816990852356
11873 0.2531086206436157
11874 1.5622735023498535
11875 0.28247174620628357
11876 0.6442037224769592
11877 0.8049757480621338
11878 0.907000720500946
11879 0.3824389576911926
11880 0.053534552454948425
11881 -0.4988020062446594
11882 -0.006227270234376192
11883 -0.19209499657154083
11884 0.7330857515335083
11885 0.0908801481127739
11886 0.530683159828186
11887 0.9975811839103699
11888 0.7356468439102173
11889 0.1978045254945755
11890 -0.30357053875923157
11891 0.5604110360145569
11892 -0.16221879422664642
11893 0.6253599524497986
11894 0.09203740954399109
11895 -0.2094850242137909
11896 -2.2292261123657227
11897 0.08367165178060532
11898 0.36280709505081177
11899 -0.48243826627731323
11900 0.8048658967018127
11901 0.32251590490341187
11902 0.9871216416358948
11903 0.5332590937614441
11904 0.0692216157913208
11905 1.3794009685516357
11906 -0.6247599720954895
11907 0.8801537752151489
11908 -0.8685364723205566
11909 0.43823397159576416
11910 0.4036010503768921
11911 -0.1052355021238327
11912 0.3352958858013153
11913 -0.09270663559436798
11914 -0.520549476146698
11915 -1.3239936828613281
11916 0.015392282977700233
11917 -1.1847506761550903
11918 0.21457700431346893
11919 -0.029957272112369537
11920 -1.5204838514328003
11921 1.146135926246643
11922 -0.17001892626285553
11923 0.26678526401519775
11924 -0.6072840690612793
11925 -1.0248631238937378
11926 1.2626409530639648
11927 -0.5837756395339966
11928 -1.7944598197937012
11929 -0.7778337597846985
11930 0.32007887959480286
11931 0.27172932028770447
11932 -0.3222602307796478
11933 -0.2833806276321411
11934 0.4532983899116516
11935 0.5875490307807922
11936 1.1630932092666626
11937 0.5243418216705322
11938 -0.8079069256782532
11939 -0.42880094051361084
11940 -0.1707955002784729
11941 0.7111073732376099
11942 0.03711133450269699
11943 0.1479765921831131
11944 0.4209217429161072
11945 0.3585647940635681
11946 0.3241797089576721
11947 0.5680145621299744
11948 0.29502737522125244
11949 0.47923773527145386
11950 1.0584636926651
11951 0.8890464901924133
11952 -2.2501485347747803
11953 -0.23724143207073212
11954 -1.1842994689941406
11955 0.9774878025054932
11956 0.6589968800544739
11957 -1.3194448947906494
11958 0.44626668095588684
11959 0.13313591480255127
11960 0.29551374912261963
11961 0.6590949892997742
11962 -0.6109914183616638
11963 0.39452776312828064
11964 0.5485386252403259
11965 -0.6798306703567505
11966 0.9222909808158875
11967 0.4244629442691803
11968 -0.45957353711128235
11969 -0.11920563876628876
11970 -0.19320394098758698
11971 0.14527912437915802
11972 0.8459705710411072
11973 0.4630385935306549
11974 -1.8541990518569946
11975 -0.5029788613319397
11976 -0.11607532948255539
11977 -0.6123350262641907
11978 -0.0360138975083828
11979 -1.1674489974975586
11980 -1.4204715490341187
11981 0.4552842676639557
11982 0.3176913857460022
11983 0.3084481656551361
11984 1.5007641315460205
11985 0.345483660697937
11986 0.6234033703804016
11987 0.06412074714899063
11988 0.396768718957901
11989 -0.017383089289069176
11990 0.09689512848854065
11991 -1.9503846168518066
11992 0.5678068399429321
11993 1.0115957260131836
11994 -0.6740297675132751
11995 0.24236012995243073
11996 0.5695317983627319
11997 0.1136176809668541
11998 -2.408355951309204
11999 0.24282076954841614
12000 -0.08133631944656372
