11401 0.6431248749997047
11402 -0.06537676489370746
11403 1.4878064768651798
11404 0.47810827187916755
11405 -0.3419316130396861
11406 -0.6221166812867123
11407 0.8539395921348465
11408 -0.4954627722110698
11409 0.6150711945814754
11410 1.133924909924476
11411 -0.8542638736074984
11412 1.067759325158965
11413 -1.314138088145909
11414 -1.3231625613429194
11415 -1.0507286905730773
11416 1.1468320428975873
11417 0.7623694720408596
11418 0.5518629748808049
11419 0.9011039709722338
11420 -3.0327499511412195
11421 1.1759453230778687
11422 -0.09716254044043424
11423 0.1435122233093786
11424 0.31789868648445296
11425 -2.1662877626641306
11426 -0.5774585475999062
11427 1.051816536417454
11428 0.630840763348821
11429 -0.15758830573518762
11430 -1.219816350682495
11431 -0.180583234766347
11432 0.23356990929018748
11433 0.18441880072963612
11434 -0.7782205774107775
11435 0.6786194267476774
11436 0.7179203077876026
11437 -0.4156825093344094
11438 0.7614841983012208
11439 0.013103609244063324
11440 -1.6932309558845902
11441 0.42261656472113757
11442 -1.3199091395816012
11443 0.9124528599581614
11444 -2.0835212406092865
11445 -1.6034628398933304
11446 0.7414739488759094
11447 -0.9934975927912988
11448 0.6920399890552569
11449 -1.2109218294830753
11450 -0.9178383459508135
11451 -0.8725037965084769
11452 1.061268041090479
11453 -0.1839658195116248
11454 -2.144644108460315
11455 -0.3347400772266265
11456 0.4558277624157007
11457 0.09438731820104926
11458 0.8354079686861651
11459 0.22322808010429054
11460 0.01301843793807015
11461 0.8792133358586409
11462 -2.8602013741120964
11463 -0.8728391959850493
11464 0.02856407161448722
11465 0.9200699323623835
11466 -2.682889221597198
11467 0.39305017121743807
11468 -0.08867082316020725
11469 0.5686353280116364
11470 1.3007902921265575
11471 -0.8695833195764383
11472 0.6864545321395675
11473 -0.16771242343402304
11474 0.825678880389557
11475 0.4012045361563458
11476 0.09834146609487014
11477 1.2493491796924387
11478 -0.5883396259207263
11479 0.9152466568372505
11480 -0.10428730835007162
11481 0.12428942255562954
11482 -0.9817724738795145
11483 -1.322267464326811
11484 -1.2946417871975924
11485 -1.5450927132247023
11486 0.7782579245976353
11487 -1.482675405965889
11488 -0.8489333896937884
11489 0.5455125197685133
11490 0.8383986683033138
11491 0.29243407337192334
11492 -0.23267536960551852
11493 0.5330116740238134
11494 -1.9807228926274072
11495 -1.6649934705415779
11496 -0.27426676005186906
11497 -0.7603634466954629
11498 0.6783047063633753
11499 0.6547751009154228
11500 -2.2252856502381144
11501 0.5075343781669415
11502 0.7731551225399544
11503 1.130384530079906
11504 -0.18001598716426015
11505 -1.552873130655838
11506 0.6326059664782558
11507 0.2577782365419938
11508 -0.280938413739306
11509 0.26190202769167964
11510 0.021860108107417228
11511 -0.1727784245785048
11512 0.7085843265776189
11513 0.46922449729916493
11514 0.1367260086221098
11515 0.5842231777251657
11516 0.5260134921592213
11517 0.15248319501970395
11518 1.288877151212089
11519 0.7044131058218259
11520 -1.4978957946769544
11521 0.5714444880290168
11522 0.3100418800347316
11523 0.4218317214635059
11524 0.5531875352870224
11525 -0.6852757713773386
11526 0.3408159315869721
11527 0.7351418729093089
11528 -0.7084185643417761
11529 0.33454060294256954
11530 1.200540708302165
11531 0.22742144055747032
11532 0.6662069791554882
11533 -2.5474391593539942
11534 1.3218686804008826
11535 -1.3427167335695267
11536 0.21236921119210342
11537 -1.814193845163165
11538 -0.04703419793051335
11539 -0.9258577408630623
11540 0.8968447730486035
11541 0.8108665979894932
11542 -2.5102065741306663
11543 1.646368644644447
11544 0.30160956378968706
11545 0.2721142596005437
11546 -0.30887699711519495
11547 0.5981294562130093
11548 0.7785672553235419
11549 -1.8362371041755383
11550 0.5623683383165716
11551 -0.45287270436715676
11552 -0.07308081449622049
11553 0.2861830822806415
11554 -1.6391618563615034
11555 0.803776525769455
11556 1.036030110972911
11557 1.5308164240278945
11558 0.5320463698052543
11559 1.353228479662742
11560 0.369655683456647
11561 0.8127931011217743
11562 0.5038898708333844
11563 -0.12781197393773733
11564 0.7191495557599006
11565 0.6582543384339082
11566 -0.8846510097457081
11567 1.0346685710975208
11568 0.8659922323100225
11569 -1.146214344083006
11570 0.528817820234364
11571 0.4403142537671759
11572 0.36491465828826386
11573 0.10255412950954136
11574 -0.22780564328687
11575 0.9137858745047871
11576 0.4973875716709939
11577 0.6997558675190411
11578 -1.8285794032466092
11579 0.9441549444143471
11580 0.16822785510986513
11581 0.8044602527398969
11582 0.6752487470186939
11583 0.6757420244091156
11584 0.2072627736226519
11585 0.5366910664683547
11586 0.6092518192473326
11587 -0.15794628703124944
11588 -1.8164793309383775
11589 -1.2574999038838994
11590 0.6160399480241102
11591 -1.8104071354735969
11592 0.2309235077729175
11593 0.9981755589846937
11594 -1.6555593346551143
11595 0.8565020232955095
11596 -2.6343333233990727
11597 0.6787824862001396
11598 0.609388175951027
11599 -1.7994468150485436
11600 0.09207864182808534
11601 0.5921655107646302
11602 0.4193008836759947
11603 -0.12349836744273704
11604 0.3993377572395274
11605 -2.039916015622301
11606 -1.2689060815348499
11607 1.1402393437747302
11608 -2.0492449967433246
11609 1.4740938596468331
11610 1.1106554866065883
11611 -0.3455619759395128
11612 0.185515185529229
11613 0.8830713927120634
11614 -0.16503958714286066
11615 1.316422940232032
11616 -2.4875882541752175
11617 0.4129877173953194
11618 0.8146866031144564
11619 -0.967249515300756
11620 0.08085926589490151
11621 -0.5251975932020837
11622 0.48129896275392187
11623 0.016030579703982455
11624 0.13287964334707483
11625 -2.3749166245219016
11626 -0.6327942122823523
11627 0.6746191983119403
11628 0.061289017644433126
11629 -1.6694110846673862
11630 0.6718955176397525
11631 0.7660489351814872
11632 0.23552811349837233
11633 1.0191921945127678
11634 -0.22737385063710067
11635 -1.6705666078915713
11636 -0.16549312701564844
11637 0.8477113519523972
11638 -2.6667106282802417
11639 0.36193316480094406
11640 0.4570986381370076
11641 -1.3074422168104722
11642 -0.03142781255901121
11643 -0.9892477092045558
11644 0.4051181099248285
11645 -0.1501325723177707
11646 0.21946553966145954
11647 -0.8007729306290993
11648 0.4693920787863315
11649 0.032143352836868366
11650 0.6114133369719876
11651 0.6792368366014809
11652 0.7872153333923895
11653 0.7921980056069863
11654 0.7291895781045343
11655 -0.21449613662438577
11656 0.10847684253421871
11657 -1.5267025292145502
11658 0.024765384073506147
11659 0.35596920760487877
11660 -2.2392081525077505
11661 -1.2815763512113147
11662 0.5134377327061598
11663 -0.2303561072030298
11664 1.2147359138931055
11665 0.791872078748429
11666 -1.405195272442169
11667 -0.5656900406237412
11668 0.6223063632824157
11669 0.8278814519545229
11670 -2.770821764237013
11671 0.8445289548247739
11672 -0.6127725810232285
11673 0.5589932186578674
11674 -1.721460443733288
11675 -0.20560830328567795
11676 -0.08375729803004493
11677 0.8311032834243728
11678 1.1333868266672373
11679 0.2551452305112526
11680 -1.785312623830547
11681 -0.08587621173295146
11682 0.8522605103075789
11683 1.1741106552669343
11684 -2.722769360532094
11685 0.7928760776997087
11686 -2.464240349101953
11687 -1.1122981773899365
11688 0.19799353885253446
11689 -1.4969965635140186
11690 0.8464107091835195
11691 0.639119460490742
11692 -0.37697438712877096
11693 -0.3710953640828979
11694 -0.13611847174222602
11695 0.7964002788964542
11696 -0.16585296490362153
11697 0.37798225718684614
11698 0.20542017582162014
11699 1.3702392314624638
11700 -0.5914597793185794
11701 -0.9422634661634598
11702 0.7010544374701366
11703 -1.8302789035888796
11704 -0.20437804622925762
11705 -1.2802123529767004
11706 0.4139732185365286
11707 -2.1973958775736007
11708 0.638875969309983
11709 -0.6158871853039065
11710 0.9883097412490307
11711 0.10332614156281807
11712 -0.2310384950655486
11713 1.197713708249525
11714 0.6177505455570608
11715 0.2808188471865171
11716 -1.4268748773262434
11717 0.7511552993205722
11718 0.393143774619986
11719 1.1372351149297164
11720 -0.14514621718911794
11721 -1.251445714623893
11722 -2.888589024292872
11723 -1.5217372265441782
11724 1.1750121072814441
11725 0.0431699247898236
11726 1.2263076146443148
11727 0.2980174629026647
11728 0.5897468546532922
11729 0.7555219284141005
11730 0.3320806301860457
11731 -1.087667790742713
11732 0.9353168726132672
11733 0.9290613907442555
11734 0.08484115394059136
11735 0.34574291057369977
11736 0.2837681369373362
11737 0.6149452642829717
11738 0.5526579159744563
11739 0.7383493920463432
11740 1.183314473620275
11741 -0.5709430567166383
11742 -0.8335619518635228
11743 1.1310747723559869
11744 0.4510570010867941
11745 -0.36281107097743825
11746 0.9538482583493648
11747 1.0254854742588189
11748 -1.4179487600012082
11749 0.5015295551728141
11750 1.2337526469294722
11751 -1.35420686208644
11752 1.2869916418281184
11753 -0.3960434992175063
11754 -0.24633607096409485
11755 0.785367562954335
11756 0.9356418537719862
11757 -0.8883413669102426
11758 -0.7828807478813558
11759 -0.4149081278684691
11760 0.15697595853081098
11761 -2.7805053844989933
11762 -0.11403330996278183
11763 -0.005207325666794747
11764 0.7535881462940541
11765 0.3946093042427259
11766 -1.1398242464357422
11767 -1.6698025185155505
11768 -0.06347828956065277
11769 -3.0930059441496014
11770 -0.2244762378941182
11771 -0.3745266334995775
11772 -0.19417030275937927
11773 -1.1264359533390447
11774 -0.5076677027388464
11775 -1.4908492973326246
11776 -0.9069975596517458
11777 1.0661640981063631
11778 0.4546038724482776
11779 0.7755697943996696
11780 0.7992433704910388
11781 0.06194174046553234
11782 -0.7284154461943427
11783 -0.2180574555536506
11784 0.5302585817025796
11785 -0.6402804684668683
11786 0.6114549118932937
11787 0.589937094869862
11788 -0.3374558257095039
11789 0.6281404410468833
11790 -0.8188674284047621
11791 0.9055462613155656
11792 0.8744275926736133
11793 1.2021607057400328
11794 -0.07819134762237373
11795 0.3969078922357052
11796 0.19243534144787297
11797 0.9869045999080325
11798 -1.1316147537583063
11799 -0.21208726125098507
11800 0.7978224349369485
11801 1.2915198783559454
11802 0.6157195299904921
11803 -1.5048611931378435
11804 0.49954215805924673
11805 0.8134311436030899
11806 0.8144464018455825
11807 0.48476102066142535
11808 -2.0097025400372432
11809 -0.6473162546439727
11810 -0.4675491381782426
11811 -0.24353842070130957
11812 -0.8979192480204217
11813 -2.1460257261417195
11814 -1.044138964645542
11815 0.926083975736709
11816 -0.8552697916454187
11817 0.12190345153546854
11818 0.3684007145139762
11819 -1.604491274499532
11820 -1.7731727095650764
11821 -1.5575205324260708
11822 0.7815967472329454
11823 0.08038066846335713
11824 -2.236470058390992
11825 0.110236806575219
11826 0.14552715065690128
11827 0.9706142535307487
11828 0.31829851442908486
11829 0.906537130524613
11830 -0.8944209537115556
11831 1.3970812624100575
11832 -0.18463227798440265
11833 -0.30034677758180817
11834 -0.24282647066419968
11835 -0.8633406886194984
11836 0.21609670606874962
11837 -0.3163364581792058
11838 0.540465286105427
11839 -1.1749642760621672
11840 -1.499754957160017
11841 0.42219144409606546
11842 0.43623335086533327
11843 -2.0920414154466256
11844 1.5709757487019476
11845 0.23085183306808615
11846 0.2766607749441477
11847 0.13484190796802997
11848 0.7278187663836724
11849 1.168164318999384
11850 -0.2978834602792977
11851 -2.76959254437001
11852 -1.5607543011536833
11853 -0.3100164568866702
11854 0.10358004774880296
11855 -0.16847181969019123
11856 -1.0525656165386617
11857 -0.05976824522874988
11858 -2.866855872360411
11859 0.7304415990956582
11860 -0.21198866571386676
11861 -0.11375096259855974
11862 0.32199560838532765
11863 -0.485095239148016
11864 0.33926686571294484
11865 -1.4585702375608982
11866 -1.2611914455906972
11867 0.7358022077245281
11868 0.742946672503391
11869 -0.24578623740479053
11870 -0.9267263009705166
11871 0.7129864472677973
11872 0.799257109574435
11873 0.511674667077183
11874 1.6811334976284364
11875 0.7266596556033205
11876 1.1885455011889867
11877 0.8809764151490541
11878 1.1621203426917988
11879 0.4227339753736586
11880 0.5472246502770722
11881 -0.3912067593028124
11882 -0.10500499794093329
11883 0.2838550706776861
11884 0.9064765095418854
11885 -0.04958939963355644
11886 0.8877035002341669
11887 1.3574595845289221
11888 0.9275522355746327
11889 0.07943424622121938
11890 -1.1302923152999447
11891 0.5265155249660091
11892 -0.011683342422699129
11893 0.6811188531096171
11894 0.17254399090534572
11895 0.13752426459671233
11896 -2.9525031256431733
11897 0.5022869937528794
11898 0.5410957401444478
11899 0.39114738034632124
11900 0.18163097411210535
11901 0.6002603012435165
11902 1.2411714375044378
11903 0.621932222919478
11904 0.37310268496155
11905 0.9652637680629045
11906 -1.1106199588690755
11907 0.3300435132337192
11908 -0.5226224064737643
11909 0.4086391866580964
11910 0.48691261022808247
11911 -1.1096203547658972
11912 0.21181233652239279
11913 0.08856035373362672
11914 -0.8372346247194996
11915 -2.1011142840572865
11916 0.23601553314236723
11917 -2.5655988274879644
11918 0.068278536594791
11919 -0.07368221522547258
11920 -1.8204171014065007
11921 1.2806713523659081
11922 -0.24114430511226675
11923 0.19767875920717667
11924 -0.46785429353427266
11925 -1.9227869680398972
11926 1.3239866966757938
11927 -1.3054748317178348
11928 -2.594506457400828
11929 -1.2062329468633621
11930 0.5991382391692811
11931 -0.2336521908538233
11932 -1.6739467591196298
11933 -0.5258658863266302
11934 -0.07791103230348025
11935 0.5707440540264156
11936 0.7703152257241138
11937 0.4750918530988615
11938 -1.3098471968226955
11939 -0.2618572777663377
11940 0.21983894338408533
11941 1.0872770029993077
11942 0.10305722228518309
11943 -0.14292037528892665
11944 0.6065696156535441
11945 0.28967966607919604
11946 0.5508840162752843
11947 0.5087592733786269
11948 0.17625648159194648
11949 0.4964752513524481
11950 1.304115745628953
11951 1.1362823255909713
11952 -2.946816031651497
11953 -0.16282962662553707
11954 -2.2145894606481265
11955 0.41718157647629484
11956 0.7849257081494594
11957 -1.5753990799221134
11958 0.29135709275884736
11959 -0.5543653313239423
11960 0.5122986231157277
11961 0.5256727763681166
11962 -1.3624922067810026
11963 -0.08540473993074196
11964 0.09954958419760908
11965 -0.2921508248304513
11966 0.5904055239131801
11967 0.8334043935534701
11968 -0.5812477426379065
11969 0.012145332626093807
11970 0.008348789911601696
11971 0.39982023725840843
11972 0.8198890516453494
11973 0.1367696665983104
11974 -2.7308490246420773
11975 -0.6113140766646367
11976 0.32372055891199997
11977 -1.0363299815460494
11978 -0.7985661501024784
11979 -1.6630632922848467
11980 -2.34271368351498
11981 0.3545805706673649
11982 0.5453702486224699
11983 0.6070036917692965
11984 0.9245217803871864
11985 0.699952388853104
11986 0.8734137216472393
11987 0.7284177095479972
11988 0.062190230746207574
11989 -0.7024736762869195
11990 0.09901235079614631
11991 -2.4166018825227633
11992 0.2794412161962508
11993 0.3588893269797755
11994 -0.8165354846448085
11995 0.6248800032709791
11996 0.8031978366946234
11997 0.07785632769133237
11998 -2.792027019234341
11999 0.02874403733046149
12000 0.2037384380680575
