11401 0.457815
11402 -0.134487
11403 1.16796
11404 0.439701
11405 -0.266133
11406 -0.504055
11407 0.755741
11408 -0.302586
11409 0.447675
11410 1.03804
11411 -0.720792
11412 0.953303
11413 -0.943564
11414 -1.30781
11415 -1.09401
11416 1.04619
11417 0.573819
11418 0.456202
11419 0.699897
11420 -2.74178
11421 0.968598
11422 -0.0616225
11423 0.158059
11424 0.262258
11425 -1.88988
11426 -0.676863
11427 0.900287
11428 0.0219818
11429 -0.160817
11430 -0.868605
11431 0.136151
11432 0.179088
11433 0.219648
11434 -0.533489
11435 0.503286
11436 0.600853
11437 -0.313842
11438 0.688348
11439 0.154876
11440 -1.17451
11441 0.429731
11442 -1.18939
11443 0.707264
11444 -1.5371
11445 -1.37008
11446 0.627346
11447 -0.907105
11448 0.583578
11449 -0.97148
11450 -0.349803
11451 -0.564775
11452 0.819648
11453 -0.315204
11454 -1.66576
11455 -0.442917
11456 0.418168
11457 0.273621
11458 0.821821
11459 0.256615
11460 -0.0557404
11461 0.867273
11462 -2.76043
11463 -0.578166
11464 0.0254071
11465 0.828669
11466 -2.1633
11467 0.196129
11468 0.00540439
11469 0.501815
11470 1.09238
11471 -0.524616
11472 0.582535
11473 -0.106493
11474 0.741325
11475 0.2934
11476 0.152191
11477 0.851427
11478 -0.476724
11479 0.847714
11480 -0.17656
11481 0.238709
11482 -0.698492
11483 -1.17089
11484 -1.05696
11485 -1.26083
11486 0.603287
11487 -0.950853
11488 -0.242542
11489 0.392843
11490 0.744974
11491 0.220928
11492 -0.323461
11493 0.475211
11494 -1.70615
11495 -1.15556
11496 -0.325865
11497 -0.247482
11498 0.551816
11499 0.498029
11500 -1.70471
11501 0.367958
11502 0.387698
11503 0.934893
11504 -0.0611968
11505 -1.21458
11506 0.446553
11507 0.263849
11508 -0.154114
11509 0.0260817
11510 -0.0487691
11511 -0.0878095
11512 0.447081
11513 0.481039
11514 -0.0343974
11515 0.454907
11516 0.374665
11517 0.285933
11518 1.00207
11519 0.722811
11520 -1.13782
11521 0.502108
11522 0.392696
11523 0.348627
11524 0.535211
11525 -0.340596
11526 0.314191
11527 0.679234
11528 -0.542583
11529 0.328796
11530 0.982337
11531 0.122525
11532 0.59027
11533 -2.16059
11534 1.06146
11535 -1.12966
11536 -0.230704
11537 -1.28513
11538 -0.00767251
11539 -0.698497
11540 0.596739
11541 0.767498
11542 -1.81802
11543 1.27908
11544 0.204118
11545 0.153568
11546 -0.155668
11547 0.559319
11548 0.536235
11549 -1.64259
11550 0.614782
11551 -0.310768
11552 0.0385295
11553 0.350497
11554 -1.29086
11555 0.633008
11556 0.947269
11557 1.15657
11558 0.195846
11559 1.10039
11560 0.271803
11561 0.532755
11562 0.543394
11563 0.0680699
11564 0.630164
11565 0.362207
11566 -0.743104
11567 0.922498
11568 0.783125
11569 -0.885263
11570 0.470989
11571 0.383559
11572 0.207896
11573 0.132878
11574 -0.254125
11575 0.814129
11576 0.58455
11577 0.699362
11578 -1.32427
11579 0.771251
11580 0.247911
11581 0.82727
11582 0.540944
11583 0.626088
11584 0.149091
11585 0.400368
11586 0.509566
11587 -0.175037
11588 -1.27124
11589 -1.10873
11590 0.46378
11591 -1.55008
11592 0.24843
11593 0.800686
11594 -1.30596
11595 0.736772
11596 -2.2803
11597 0.592025
11598 0.545007
11599 -1.59044
11600 0.0153947
11601 0.415556
11602 0.488877
11603 -0.0590334
11604 0.386565
11605 -1.73124
11606 -1.13974
11607 0.851412
11608 -1.90228
11609 1.16956
11610 0.940923
11611 -0.278334
11612 0.215288
11613 0.736219
11614 -0.0211972
11615 1.09668
11616 -2.44235
11617 0.512709
11618 0.702362
11619 -0.615071
11620 -0.0285394
11621 -0.265964
11622 0.108798
11623 -0.0386954
11624 0.179583
11625 -1.61352
11626 -0.621144
11627 0.464951
11628 -0.0723977
11629 -1.34981
11630 0.682676
11631 0.503266
11632 0.162582
11633 0.889476
11634 -0.225819
11635 -1.40581
11636 -0.192547
11637 0.443263
11638 -2.13932
11639 0.460621
11640 0.20934
11641 -0.924913
11642 0.0537506
11643 -0.698056
11644 0.213847
11645 -0.189978
11646 0.0569431
11647 -0.793263
11648 0.366701
11649 0.0984036
11650 0.4124
11651 0.669783
11652 0.614892
11653 0.626924
11654 0.767312
11655 -0.101356
11656 0.0990631
11657 -1.23961
11658 -0.0272272
11659 0.366483
11660 -1.93386
11661 -0.988072
11662 0.307541
11663 -0.356373
11664 1.10384
11665 0.597221
11666 -0.997507
11667 -0.280496
11668 0.443977
11669 0.779569
11670 -2.5892
11671 0.719226
11672 -0.361702
11673 0.70764
11674 -1.14318
11675 -0.0623209
11676 -0.0668122
11677 0.691075
11678 0.91478
11679 0.348915
11680 -1.36488
11681 -0.0172128
11682 0.308195
11683 0.986839
11684 -2.25308
11685 0.602376
11686 -2.09692
11687 -0.729188
11688 0.182789
11689 -1.30106
11690 0.777665
11691 0.62858
11692 -0.246455
11693 -0.30907
11694 -0.252249
11695 0.663801
11696 -0.0782847
11697 0.41684
11698 -0.373908
11699 0.990953
11700 -0.540953
11701 -0.779389
11702 0.577298
11703 -1.38083
11704 -0.491143
11705 -0.857075
11706 0.37387
11707 -1.6278
11708 0.570373
11709 -0.376201
11710 0.830966
11711 0.0131244
11712 0.0190654
11713 1.10821
11714 0.396733
11715 0.356665
11716 -1.05574
11717 0.547818
11718 0.261374
11719 0.858684
11720 -0.0899887
11721 -0.930153
11722 -2.43196
11723 -1.3612
11724 0.961809
11725 0.102772
11726 0.990162
11727 0.389912
11728 0.433381
11729 0.511938
11730 0.308079
11731 -0.961322
11732 0.866457
11733 0.857121
11734 0.0296476
11735 0.314479
11736 0.252127
11737 0.42727
11738 0.413528
11739 0.590444
11740 0.936438
11741 -0.429621
11742 -0.621669
11743 0.833868
11744 0.488897
11745 -0.0981599
11746 0.844117
11747 0.969596
11748 -1.07755
11749 0.280385
11750 0.950889
11751 -1.00495
11752 0.508685
11753 -0.249575
11754 -0.360503
11755 0.687517
11756 0.881143
11757 -0.856042
11758 -0.869899
11759 -0.295855
11760 0.153229
11761 -2.60496
11762 -0.112808
11763 -0.20573
11764 0.52486
11765 0.375166
11766 -0.937834
11767 -1.37109
11768 -0.0462537
11769 -2.72225
11770 -0.127363
11771 -0.272341
11772 -0.114482
11773 -0.787316
11774 -0.375823
11775 -1.01537
11776 -1.00063
11777 0.881277
11778 0.260038
11779 0.812366
11780 0.66542
11781 0.143325
11782 -0.425565
11783 -0.227101
11784 0.412829
11785 -0.563794
11786 0.665162
11787 0.510058
11788 -0.160838
11789 0.469691
11790 -0.669164
11791 0.821154
11792 0.687146
11793 0.882688
11794 -0.130987
11795 0.358467
11796 0.31379
11797 0.849882
11798 -0.837178
11799 -0.134144
11800 0.727592
11801 1.24245
11802 0.61946
11803 -1.15712
11804 0.372912
11805 0.671643
11806 0.732093
11807 0.585466
11808 -1.53063
11809 -0.317985
11810 -0.351534
11811 -0.416655
11812 -0.70811
11813 -1.73374
11814 -0.912794
11815 0.773839
11816 -0.728297
11817 0.112361
11818 0.215269
11819 -0.863025
11820 -1.3598
11821 -1.23878
11822 0.785763
11823 0.489542
11824 -2.01675
11825 0.304706
11826 0.0368898
11827 0.835212
11828 0.403731
11829 0.762898
11830 -0.855975
11831 1.05929
11832 -0.283036
11833 -0.349207
11834 -0.0897878
11835 -0.708389
11836 0.165284
11837 -0.114555
11838 0.352083
11839 -0.92011
11840 -1.27235
11841 0.378961
11842 0.3451
11843 -1.64627
11844 1.01278
11845 0.190369
11846 0.192218
11847 -0.0443042
11848 0.70005
11849 1.01957
11850 -0.186179
11851 -2.57969
11852 -1.07382
11853 -0.265068
11854 0.0283195
11855 -0.212201
11856 -0.713507
11857 0.037656
11858 -2.67553
11859 0.562008
11860 -0.266024
11861 0.0160271
11862 0.152328
11863 -0.313199
11864 0.402562
11865 -0.986227
11866 -0.888562
11867 0.612537
11868 0.550681
11869 -0.0969836
11870 -0.986275
11871 0.520021
11872 0.653748
11873 0.506959
11874 1.3495
11875 0.667635
11876 1.0493
11877 0.818261
11878 0.968005
11879 0.366061
11880 0.365491
11881 -0.317452
11882 0.0240944
11883 0.207301
11884 0.856766
11885 0.0408309
11886 0.823209
11887 1.16843
11888 0.877323
11889 0.0339994
11890 -0.788581
11891 0.493018
11892 -0.117043
11893 0.605794
11894 0.141354
11895 0.00822059
11896 -2.61568
11897 0.578596
11898 0.567237
11899 0.426882
11900 0.0958848
11901 0.507586
11902 1.14503
11903 0.475048
11904 0.324487
11905 0.791101
11906 -1.13031
11907 0.204681
11908 -0.204422
11909 0.49964
11910 0.338105
11911 -0.786842
11912 0.170741
11913 0.0955149
11914 -0.526448
11915 -1.74188
11916 0.178525
11917 -1.99934
11918 -0.0141887
11919 -0.13034
11920 -1.47461
11921 0.995302
11922 -0.506561
11923 0.11287
11924 -0.121476
11925 -1.56496
11926 1.11178
11927 -0.860128
11928 -2.33297
11929 -1.03242
11930 0.451377
11931 -0.0678188
11932 -1.05624
11933 -0.519121
11934 -0.00852509
11935 0.406956
11936 0.702231
11937 0.43318
11938 -1.15048
11939 -0.204998
11940 0.177017
11941 0.886626
11942 0.0630346
11943 -0.0620239
11944 0.406171
11945 0.26351
11946 0.490232
11947 0.52451
11948 0.249104
11949 0.530602
11950 0.966107
11951 0.999553
11952 -2.44273
11953 -0.186741
11954 -1.75063
11955 0.22353
11956 0.614755
11957 -1.15225
11958 0.258505
11959 -0.793683
11960 0.361041
11961 0.362504
11962 -0.858015
11963 -0.0459172
11964 -0.0948158
11965 -0.133152
11966 0.537732
11967 0.631112
11968 -0.484543
11969 0.0423643
11970 0.105574
11971 0.412645
11972 0.583232
11973 0.422708
11974 -2.38057
11975 -0.744543
11976 0.309006
11977 -0.889729
11978 -0.623753
11979 -1.35884
11980 -1.89311
11981 0.17276
11982 0.556273
11983 0.363814
11984 0.53971
11985 0.627369
11986 0.663475
11987 0.626006
11988 0.0208545
11989 -0.268682
11990 0.11047
11991 -2.06048
11992 0.230269
11993 0.394474
11994 -0.59095
11995 0.628937
11996 0.594682
11997 0.0790665
11998 -2.46472
11999 -0.112112
12000 0.101169
