11401 0.377607
11402 -0.089499
11403 0.98332
11404 0.391302
11405 -0.247747
11406 -0.444344
11407 0.682229
11408 -0.168066
11409 0.395596
11410 0.916975
11411 -0.610489
11412 0.781235
11413 -0.671847
11414 -1.0461
11415 -0.894716
11416 0.893707
11417 0.489569
11418 0.395085
11419 0.568791
11420 -2.46671
11421 0.857055
11422 0.012117
11423 0.161179
11424 0.269381
11425 -1.59009
11426 -0.630359
11427 0.791001
11428 -0.0615544
11429 -0.0869317
11430 -0.658651
11431 0.150951
11432 0.179166
11433 0.270454
11434 -0.384637
11435 0.466518
11436 0.531967
11437 -0.21648
11438 0.594868
11439 0.174247
11440 -0.840053
11441 0.365023
11442 -0.929629
11443 0.594881
11444 -1.20936
11445 -1.04648
11446 0.492558
11447 -0.737316
11448 0.481943
11449 -0.782122
11450 0.0934291
11451 -0.401177
11452 0.722798
11453 -0.266478
11454 -1.30287
11455 -0.375801
11456 0.436485
11457 0.259269
11458 0.763251
11459 0.254707
11460 -0.0178858
11461 0.714521
11462 -2.50332
11463 -0.422187
11464 0.0727328
11465 0.794972
11466 -1.7313
11467 0.128645
11468 0.0953184
11469 0.485819
11470 0.850733
11471 -0.402083
11472 0.600024
11473 -0.0769513
11474 0.620832
11475 0.299857
11476 0.163868
11477 0.611074
11478 -0.413195
11479 0.75595
11480 -0.161937
11481 0.271976
11482 -0.514522
11483 -0.958421
11484 -0.789217
11485 -0.966819
11486 0.53006
11487 -0.631161
11488 -0.0722505
11489 0.343741
11490 0.610626
11491 0.277771
11492 -0.309415
11493 0.456116
11494 -1.3239
11495 -0.8286
11496 -0.174898
11497 -0.119974
11498 0.434959
11499 0.434709
11500 -1.36623
11501 0.317308
11502 0.348579
11503 0.828525
11504 -0.0348552
11505 -0.907768
11506 0.344804
11507 0.300838
11508 -0.14639
11509 -0.0398186
11510 -0.0680799
11511 -0.0580014
11512 0.361499
11513 0.398029
11514 -0.0740621
11515 0.388646
11516 0.36272
11517 0.298004
11518 0.903699
11519 0.664967
11520 -0.829013
11521 0.493039
11522 0.44682
11523 0.301287
11524 0.511078
11525 -0.200436
11526 0.293676
11527 0.585519
11528 -0.377991
11529 0.313896
11530 0.891926
11531 0.0778783
11532 0.493489
11533 -1.79986
11534 0.859637
11535 -0.87487
11536 -0.149753
11537 -0.921245
11538 0.0474596
11539 -0.540249
11540 0.44999
11541 0.683424
11542 -1.47376
11543 1.03583
11544 0.144322
11545 0.174429
11546 -0.116249
11547 0.45647
11548 0.413457
11549 -1.28561
11550 0.628663
11551 -0.251313
11552 0.0555355
11553 0.362509
11554 -1.00835
11555 0.587654
11556 0.8902
11557 0.883922
11558 0.15775
11559 0.91528
11560 0.251172
11561 0.411235
11562 0.535462
11563 0.175792
11564 0.567082
11565 0.26949
11566 -0.59215
11567 0.793982
11568 0.746252
11569 -0.629038
11570 0.355806
11571 0.356692
11572 0.180367
11573 0.178516
11574 -0.242309
11575 0.717316
11576 0.591622
11577 0.594294
11578 -0.949674
11579 0.685009
11580 0.192382
11581 0.729736
11582 0.426375
11583 0.644422
11584 0.171131
11585 0.372688
11586 0.442751
11587 -0.139887
11588 -0.995214
11589 -0.867022
11590 0.386756
11591 -1.24693
11592 0.191606
11593 0.73331
11594 -0.999274
11595 0.647223
11596 -1.88862
11597 0.518648
11598 0.488354
11599 -1.27001
11600 0.0288668
11601 0.406456
11602 0.456538
11603 -0.0602809
11604 0.32995
11605 -1.32916
11606 -0.913162
11607 0.80605
11608 -1.49345
11609 0.963069
11610 0.90897
11611 -0.296304
11612 0.229384
11613 0.649877
11614 0.00903665
11615 0.969325
11616 -2.10571
11617 0.516281
11618 0.617895
11619 -0.476183
11620 0.00119424
11621 -0.140587
11622 0.0854375
11623 -0.043658
11624 0.207757
11625 -1.22395
11626 -0.454695
11627 0.390935
11628 -0.0374604
11629 -1.00274
11630 0.631798
11631 0.413604
11632 0.123265
11633 0.768745
11634 -0.178122
11635 -1.07674
11636 -0.149761
11637 0.315833
11638 -1.75459
11639 0.483066
11640 0.144362
11641 -0.592474
11642 0.0866812
11643 -0.535617
11644 0.13596
11645 -0.186125
11646 0.0658055
11647 -0.598042
11648 0.288768
11649 0.157767
11650 0.318963
11651 0.634032
11652 0.59572
11653 0.569663
11654 0.628305
11655 0.0129918
11656 0.159873
11657 -0.969106
11658 -0.00629013
11659 0.384088
11660 -1.50758
11661 -0.801535
11662 0.259459
11663 -0.365827
11664 0.976143
11665 0.543644
11666 -0.771542
11667 -0.172248
11668 0.391377
11669 0.703717
11670 -2.22634
11671 0.63248
11672 -0.266845
11673 0.679109
11674 -0.822152
11675 -0.0089993
11676 -0.0771066
11677 0.591711
11678 0.783458
11679 0.334039
11680 -1.01218
11681 -0.0218016
11682 0.191278
11683 0.825776
11684 -1.90859
11685 0.524747
11686 -1.73732
11687 -0.567766
11688 0.240692
11689 -1.01832
11690 0.802749
11691 0.531648
11692 -0.220471
11693 -0.228375
11694 -0.255077
11695 0.564031
11696 -0.0411722
11697 0.406692
11698 -0.449163
11699 0.81198
11700 -0.462827
11701 -0.538074
11702 0.45324
11703 -1.05545
11704 -0.444907
11705 -0.538952
11706 0.329109
11707 -1.19333
11708 0.48528
11709 -0.310354
11710 0.727737
11711 0.0167513
11712 0.0531186
11713 0.986586
11714 0.351209
11715 0.320175
11716 -0.787408
11717 0.458444
11718 0.223201
11719 0.67141
11720 -0.0367649
11721 -0.754886
11722 -2.2084
11723 -1.10209
11724 0.831767
11725 0.138118
11726 0.855274
11727 0.409062
11728 0.37472
11729 0.437423
11730 0.250783
11731 -0.629966
11732 0.808598
11733 0.753792
11734 0.0540346
11735 0.317684
11736 0.219163
11737 0.355721
11738 0.367738
11739 0.485723
11740 0.756195
11741 -0.365188
11742 -0.511404
11743 0.660051
11744 0.475862
11745 -0.035207
11746 0.662673
11747 0.80565
11748 -0.725573
11749 0.188536
11750 0.871633
11751 -0.779842
11752 0.249052
11753 -0.116889
11754 -0.383412
11755 0.694805
11756 0.752221
11757 -0.580958
11758 -0.719788
11759 -0.205885
11760 0.155797
11761 -2.35141
11762 -0.103875
11763 -0.201301
11764 0.467659
11765 0.33372
11766 -0.633411
11767 -1.02291
11768 0.0667024
11769 -2.3696
11770 -0.0890622
11771 -0.235718
11772 0.0629523
11773 -0.502411
11774 -0.345584
11775 -0.679412
11776 -0.801428
11777 0.770635
11778 0.164908
11779 0.731648
11780 0.581825
11781 0.0901734
11782 -0.278741
11783 -0.141957
11784 0.39038
11785 -0.443203
11786 0.568872
11787 0.510092
11788 -0.14192
11789 0.320237
11790 -0.591378
11791 0.813023
11792 0.608569
11793 0.721935
11794 -0.0709258
11795 0.381274
11796 0.329643
11797 0.774928
11798 -0.528227
11799 -0.0786595
11800 0.646942
11801 1.1174
11802 0.545224
11803 -0.856357
11804 0.272954
11805 0.586931
11806 0.559787
11807 0.545226
11808 -1.24415
11809 -0.205188
11810 -0.261955
11811 -0.365457
11812 -0.56346
11813 -1.38715
11814 -0.729083
11815 0.589898
11816 -0.606753
11817 0.105902
11818 0.189633
11819 -0.553208
11820 -1.05855
11821 -0.917104
11822 0.75726
11823 0.829523
11824 -1.65367
11825 0.308078
11826 0.0710649
11827 0.731976
11828 0.418764
11829 0.648584
11830 -0.768335
11831 0.834397
11832 -0.197395
11833 -0.335509
11834 -0.0232031
11835 -0.627871
11836 0.0906908
11837 -0.119101
11838 0.406874
11839 -0.661526
11840 -0.910003
11841 0.303867
11842 0.296774
11843 -1.32086
11844 0.701062
11845 0.239881
11846 0.211192
11847 -0.0423306
11848 0.679017
11849 0.901952
11850 -0.168265
11851 -2.27364
11852 -0.815438
11853 -0.228386
11854 -0.0364326
11855 -0.22836
11856 -0.484496
11857 0.0580854
11858 -2.44375
11859 0.462761
11860 -0.230419
11861 0.144435
11862 0.131696
11863 -0.260568
11864 0.349559
11865 -0.667264
11866 -0.662741
11867 0.505098
11868 0.528469
11869 -0.057343
11870 -0.780416
11871 0.432812
11872 0.608219
11873 0.476247
11874 1.13981
11875 0.60861
11876 0.879731
11877 0.758848
11878 0.800462
11879 0.321178
11880 0.310798
11881 -0.235341
11882 0.0613711
11883 0.167944
11884 0.772709
11885 0.104441
11886 0.694237
11887 0.984959
11888 0.737388
11889 0.0830547
11890 -0.530273
11891 0.442696
11892 -0.099473
11893 0.559018
11894 0.147181
11895 -0.0122425
11896 -2.33812
11897 0.537732
11898 0.557949
11899 0.331118
11900 0.152761
11901 0.393205
11902 1.01594
11903 0.472287
11904 0.330066
11905 0.712004
11906 -0.844578
11907 0.196773
11908 -0.0966165
11909 0.50348
11910 0.310166
11911 -0.549064
11912 0.122216
11913 0.0710006
11914 -0.402102
11915 -1.34192
11916 0.152808
11917 -1.67715
11918 0.0113141
11919 -0.0888176
11920 -1.18645
11921 0.861076
11922 -0.506853
11923 0.0441528
11924 -0.127894
11925 -1.27772
11926 0.996539
11927 -0.655801
11928 -1.96589
11929 -0.800709
11930 0.329169
11931 -0.0103108
11932 -0.662467
11933 -0.412282
11934 0.0492712
11935 0.361723
11936 0.698811
11937 0.442993
11938 -0.932997
11939 -0.14446
11940 0.166925
11941 0.835147
11942 0.0606599
11943 -0.0010525
11944 0.356494
11945 0.266745
11946 0.457186
11947 0.487058
11948 0.26306
11949 0.502857
11950 0.7957
11951 0.87515
11952 -2.1179
11953 -0.134464
11954 -1.36066
11955 0.221927
11956 0.559714
11957 -0.863185
11958 0.270883
11959 -0.618816
11960 0.275679
11961 0.341553
11962 -0.684781
11963 -0.0598971
11964 -0.0668046
11965 -0.0456604
11966 0.489675
11967 0.472343
11968 -0.355323
11969 0.0263834
11970 0.163367
11971 0.392326
11972 0.487321
11973 0.471697
11974 -1.95524
11975 -0.647137
11976 0.266407
11977 -0.673131
11978 -0.445826
11979 -1.02573
11980 -1.50258
11981 0.182076
11982 0.512862
11983 0.330946
11984 0.474679
11985 0.581959
11986 0.554988
11987 0.477143
11988 0.0498728
11989 -0.209538
11990 0.15246
11991 -1.75346
11992 0.255779
11993 0.446289
11994 -0.470408
11995 0.516783
11996 0.519027
11997 0.118748
11998 -2.14455
11999 -0.0684577
12000 0.153582
