11401 0.4827088415622711
11402 0.02459893189370632
11403 1.1185202598571777
11404 0.38131028413772583
11405 -0.30515897274017334
11406 -0.5026959180831909
11407 0.7069159746170044
11408 -0.22642205655574799
11409 0.5109120607376099
11410 0.8917962908744812
11411 -0.6336572170257568
11412 0.7236232161521912
11413 -0.7707042694091797
11414 -0.799737274646759
11415 -0.652145504951477
11416 0.8418591618537903
11417 0.5938690304756165
11418 0.4296286106109619
11419 0.638892412185669
11420 -2.4826231002807617
11421 0.95285964012146
11422 0.050316452980041504
11423 0.14975155889987946
11424 0.33214646577835083
11425 -1.566706895828247
11426 -0.4844508469104767
11427 0.8332444429397583
11428 0.46376821398735046
11429 -0.009818164631724358
11430 -0.7999098300933838
11431 -0.1509840339422226
11432 0.23372676968574524
11433 0.2860316038131714
11434 -0.48051586747169495
11435 0.6050825715065002
11436 0.580148458480835
11437 -0.22095777094364166
11438 0.574524462223053
11439 0.051845282316207886
11440 -1.0243231058120728
11441 0.29320237040519714
11442 -0.8003796339035034
11443 0.6876877546310425
11444 -1.42804753780365
11445 -0.9562702775001526
11446 0.4718974232673645
11447 -0.6539196968078613
11448 0.4887710511684418
11449 -0.8322042226791382
11450 -0.03137405961751938
11451 -0.5453076958656311
11452 0.8675685524940491
11453 -0.08651363104581833
11454 -1.4188705682754517
11455 -0.20050860941410065
11456 0.492461621761322
11457 0.06568293273448944
11458 0.718268632888794
11459 0.21941202878952026
11460 0.08872766047716141
11461 0.5737090706825256
11462 -2.3459928035736084
11463 -0.5608813762664795
11464 0.12321552634239197
11465 0.8526754379272461
11466 -1.8188871145248413
11467 0.2580811679363251
11468 0.09115727990865707
11469 0.5366432666778564
11470 0.8175037503242493
11471 -0.6245179772377014
11472 0.7214332222938538
11473 -0.10862913727760315
11474 0.584693431854248
11475 0.41411998867988586
11476 0.12169584631919861
11477 0.7686445116996765
11478 -0.461281418800354
11479 0.7317173480987549
11480 -0.0750424936413765
11481 0.1908222883939743
11482 -0.6138322353363037
11483 -0.8973368406295776
11484 -0.7591467499732971
11485 -0.9570778012275696
11486 0.6318038105964661
11487 -0.843291699886322
11488 -0.5083499550819397
11489 0.4473091661930084
11490 0.5697020888328552
11491 0.40611958503723145
11492 -0.204583078622818
11493 0.4948207437992096
11494 -1.2162224054336548
11495 -1.0110712051391602
11496 0.027666108682751656
11497 -0.5053476095199585
11498 0.4445905089378357
11499 0.5281347036361694
11500 -1.548315405845642
11501 0.40623292326927185
11502 0.6949159502983093
11503 0.9176480174064636
11504 -0.12733270227909088
11505 -0.9392391443252563
11506 0.4291078448295593
11507 0.33175668120384216
11508 -0.2654899060726166
11509 0.13010142743587494
11510 -0.016761399805545807
11511 -0.11316242069005966
11512 0.5374200940132141
11513 0.30320465564727783
11514 0.057396553456783295
11515 0.4517013132572174
11516 0.5021248459815979
11517 0.17662553489208221
11518 1.0921382904052734
11519 0.5887244939804077
11520 -0.8802756667137146
11521 0.5533073544502258
11522 0.41828978061676025
11523 0.327151894569397
11524 0.5049214363098145
11525 -0.4049561619758606
11526 0.29978716373443604
11527 0.5477129220962524
11528 -0.37923452258110046
11529 0.30473950505256653
11530 1.0197185277938843
11531 0.13812895119190216
11532 0.47264477610588074
11533 -1.825966715812683
11534 0.9182189106941223
11535 -0.8331441283226013
11536 0.37427130341529846
11537 -1.086429476737976
11538 0.06322992593050003
11539 -0.6093612909317017
11540 0.6033473014831543
11541 0.6427185535430908
11542 -1.821678638458252
11543 1.1598707437515259
11544 0.18201807141304016
11545 0.3138369023799896
11546 -0.23003730177879333
11547 0.3924298584461212
11548 0.5330109000205994
11549 -1.1222751140594482
11550 0.5901305079460144
11551 -0.3339616358280182
11552 -0.039068929851055145
11553 0.31020674109458923
11554 -1.0741374492645264
11555 0.7130680084228516
11556 0.9218917489051819
11557 0.9855265617370605
11558 0.4558529257774353
11559 0.9830107092857361
11560 0.3283945620059967
11561 0.5697534680366516
11562 0.48802539706230164
11563 0.08763129264116287
11564 0.5929855704307556
11565 0.47282013297080994
11566 -0.5827435255050659
11567 0.7776356339454651
11568 0.7922471761703491
11569 -0.6337648630142212
11570 0.29845160245895386
11571 0.38658052682876587
11572 0.30985596776008606
11573 0.1938289999961853
11574 -0.20417450368404388
11575 0.7201611399650574
11576 0.5115322470664978
11577 0.4896194040775299
11578 -1.0793936252593994
11579 0.7716712355613708
11580 0.05717092007398605
11581 0.6093930006027222
11582 0.4461102783679962
11583 0.7124100923538208
11584 0.2513422966003418
11585 0.4813319444656372
11586 0.47562137246131897
11587 -0.08764701336622238
11588 -1.2644206285476685
11589 -0.7740851640701294
11590 0.4619922637939453
11591 -1.2041071653366089
11592 0.11727550625801086
11593 0.8634240627288818
11594 -1.0421823263168335
11595 0.6774038672447205
11596 -1.850978136062622
11597 0.5320281386375427
11598 0.49608078598976135
11599 -1.1585999727249146
11600 0.11902298033237457
11601 0.5739647746086121
11602 0.35462287068367004
11603 -0.12599346041679382
11604 0.2861066162586212
11605 -1.235758662223816
11606 -0.8157505989074707
11607 1.0495166778564453
11608 -1.231589913368225
11609 1.0611135959625244
11610 1.0467495918273926
11611 -0.3815024793148041
11612 0.21370723843574524
11613 0.7103868722915649
11614 -0.1045718640089035
11615 1.061713695526123
11616 -1.8143147230148315
11617 0.420132577419281
11618 0.6457514762878418
11619 -0.6894745230674744
11620 0.14032647013664246
11621 -0.27444222569465637
11622 0.4345780909061432
11623 0.006105431821197271
11624 0.18922781944274902
11625 -1.5957756042480469
11626 -0.29989686608314514
11627 0.5265859961509705
11628 0.13116350769996643
11629 -0.9752882719039917
11630 0.570140540599823
11631 0.5867250561714172
11632 0.15689463913440704
11633 0.7777301669120789
11634 -0.1319793462753296
11635 -1.0124356746673584
11636 -0.07992123067378998
11637 0.5928520560264587
11638 -1.8972615003585815
11639 0.40682366490364075
11640 0.32714253664016724
11641 -0.6425656676292419
11642 0.03443332388997078
11643 -0.6643704175949097
11644 0.24934281408786774
11645 -0.1424262523651123
11646 0.23719026148319244
11647 -0.41033148765563965
11648 0.3135245144367218
11649 0.15087050199508667
11650 0.4245394170284271
11651 0.6077340841293335
11652 0.7488699555397034
11653 0.6776763200759888
11654 0.45117461681365967
11655 0.014199834316968918
11656 0.23009689152240753
11657 -0.9856903553009033
11658 0.06663957983255386
11659 0.3911783993244171
11660 -1.386666178703308
11661 -0.9085018634796143
11662 0.4172724783420563
11663 -0.24926230311393738
11664 0.959344208240509
11665 0.6847185492515564
11666 -0.9532662034034729
11667 -0.3491947054862976
11668 0.5171064138412476
11669 0.6761767268180847
11670 -2.045100688934326
11671 0.6710368990898132
11672 -0.4230595529079437
11673 0.5019318461418152
11674 -1.0794004201889038
11675 -0.09896507114171982
11676 -0.10434608161449432
11677 0.6323749423027039
11678 0.8707417249679565
11679 0.22539304196834564
11680 -1.0799195766448975
11681 -0.09505369514226913
11682 0.6184259057044983
11683 0.8519843220710754
11684 -2.033799409866333
11685 0.6376172304153442
11686 -1.7450416088104248
11687 -0.7894542813301086
11688 0.3137991428375244
11689 -0.9315181374549866
11690 0.896578311920166
11691 0.44525566697120667
11692 -0.32500582933425903
11693 -0.20970478653907776
11694 -0.14177359640598297
11695 0.5968617796897888
11696 -0.09162798523902893
11697 0.35768625140190125
11698 0.05491037294268608
11699 1.0122932195663452
11700 -0.4352092146873474
11701 -0.45963409543037415
11702 0.45293864607810974
11703 -1.1795183420181274
11704 -0.11190763860940933
11705 -0.6439670920372009
11706 0.32445070147514343
11707 -1.3284494876861572
11708 0.46868908405303955
11709 -0.484192818403244
11710 0.7818527817726135
11711 0.1105799525976181
11712 -0.16293217241764069
11713 0.954470157623291
11714 0.5267030000686646
11715 0.20784011483192444
11716 -0.8902159333229065
11717 0.5724076628684998
11718 0.31679877638816833
11719 0.7626875042915344
11720 -0.03869866952300072
11721 -0.9009099006652832
11722 -2.4414591789245605
11723 -1.0035126209259033
11724 0.9149289727210999
11725 0.11386149376630783
11726 0.9565313458442688
11727 0.33631670475006104
11728 0.4724234938621521
11729 0.6064918637275696
11730 0.21748924255371094
11731 -0.4249543249607086
11732 0.8195982575416565
11733 0.722404420375824
11734 0.133615180850029
11735 0.35215261578559875
11736 0.2178383618593216
11737 0.471847802400589
11738 0.4610762894153595
11739 0.5289079546928406
11740 0.8228276371955872
11741 -0.442077100276947
11742 -0.6130304932594299
11743 0.7834406495094299
11744 0.42498794198036194
11745 -0.2369053214788437
11746 0.5909595489501953
11747 0.6975933909416199
11748 -0.7139892578125
11749 0.31783249974250793
11750 1.0752402544021606
11751 -0.9039902091026306
11752 0.7677251696586609
11753 -0.13067024946212769
11754 -0.2921530604362488
11755 0.7999428510665894
11756 0.6777986288070679
11757 -0.33817416429519653
11758 -0.48265743255615234
11759 -0.2349681407213211
11760 0.16211111843585968
11761 -2.273409128189087
11762 -0.09616618603467941
11763 0.0036508296616375446
11764 0.6391850709915161
11765 0.3117178976535797
11766 -0.5309773683547974
11767 -0.9734489917755127
11768 0.162433922290802
11769 -2.3877036571502686
11770 -0.14787539839744568
11771 -0.30128055810928345
11772 0.16069886088371277
11773 -0.5566250085830688
11774 -0.44718968868255615
11775 -0.8189393877983093
11776 -0.5085914134979248
11777 0.8448784351348877
11778 0.2643437385559082
11779 0.614133358001709
11780 0.6320528984069824
11781 -0.04436054080724716
11782 -0.43476763367652893
11783 -0.04776838794350624
11784 0.4853615164756775
11785 -0.39909881353378296
11786 0.4188753068447113
11787 0.5900046229362488
11788 -0.2996200919151306
11789 0.3292308747768402
11790 -0.6632960438728333
11791 0.8892831206321716
11792 0.7172735333442688
11793 0.8806552886962891
11794 0.041930705308914185
11795 0.44252219796180725
11796 0.22414110600948334
11797 0.8369951248168945
11798 -0.5137126445770264
11799 -0.10111832618713379
11800 0.6365228891372681
11801 1.0414369106292725
11802 0.4672469198703766
11803 -0.9033341407775879
11804 0.29962605237960815
11805 0.644006073474884
11806 0.46983328461647034
11807 0.4042813777923584
11808 -1.4367457628250122
11809 -0.42172184586524963
11810 -0.28839102387428284
11811 -0.14114247262477875
11812 -0.6086186170578003
11813 -1.4528326988220215
11814 -0.6767187714576721
11815 0.5582031607627869
11816 -0.6121823191642761
11817 0.10898474603891373
11818 0.3171280026435852
11819 -0.9848579168319702
11820 -1.1706643104553223
11821 -0.9141598343849182
11822 0.724590539932251
11823 0.7603441476821899
11824 -1.5103062391281128
11825 0.11698192358016968
11826 0.21387743949890137
11827 0.7641422748565674
11828 0.3483656346797943
11829 0.6779095530509949
11830 -0.7191415429115295
11831 0.9473052620887756
11832 -0.01334935799241066
11833 -0.27295100688934326
11834 -0.10965710133314133
11835 -0.7023043036460876
11836 0.06691046804189682
11837 -0.32542869448661804
11838 0.6500464081764221
11839 -0.6577968001365662
11840 -0.7750585675239563
11841 0.2720034718513489
11842 0.3395809531211853
11843 -1.4412102699279785
11844 0.9475440979003906
11845 0.3298768997192383
11846 0.31460902094841003
11847 0.13878920674324036
11848 0.6857512593269348
11849 0.9329229593276978
11850 -0.2620556950569153
11851 -2.1574935913085938
11852 -1.0439815521240234
11853 -0.23665264248847961
11854 -0.025924155488610268
11855 -0.2007894366979599
11856 -0.5945436358451843
11857 -0.018909407779574394
11858 -2.4032959938049316
11859 0.5319471955299377
11860 -0.1407776176929474
11861 0.1430642157793045
11862 0.2807319164276123
11863 -0.37983232736587524
11864 0.23325969278812408
11865 -0.8206437230110168
11866 -0.8095480799674988
11867 0.5209255814552307
11868 0.6985225677490234
11869 -0.16650502383708954
11870 -0.5150081515312195
11871 0.5385685563087463
11872 0.7081979513168335
11873 0.4502517282962799
11874 1.2617467641830444
11875 0.608609676361084
11876 0.8494129180908203
11877 0.7621493339538574
11878 0.8270357251167297
11879 0.3329683840274811
11880 0.4378383755683899
11881 -0.226984903216362
11882 -0.03045157715678215
11883 0.205142080783844
11884 0.738361120223999
11885 0.07763166725635529
11886 0.629761278629303
11887 0.9905184507369995
11888 0.6476824283599854
11889 0.17754487693309784
11890 -0.6136751174926758
11891 0.4258716106414795
11892 0.023457340896129608
11893 0.5875666737556458
11894 0.18419978022575378
11895 0.09659799188375473
11896 -2.3973779678344727
11897 0.42055806517601013
11898 0.5225208401679993
11899 0.19962044060230255
11900 0.2953842282295227
11901 0.37149906158447266
11902 0.9829814434051514
11903 0.6164098978042603
11904 0.3842599391937256
11905 0.8070686459541321
11906 -0.5391600728034973
11907 0.31422683596611023
11908 -0.30701112747192383
11909 0.4163194000720978
11910 0.431035578250885
11911 -0.6340639591217041
11912 0.11476247012615204
11913 0.039531756192445755
11914 -0.5885423421859741
11915 -1.301188588142395
11916 0.1845816671848297
11917 -1.921219825744629
11918 0.1192840188741684
11919 0.009361900389194489
11920 -1.2441048622131348
11921 1.0122190713882446
11922 -0.2417280673980713
11923 0.0602436438202858
11924 -0.4806903898715973
11925 -1.3483104705810547
11926 1.093498706817627
11927 -0.8968198895454407
11928 -1.8603637218475342
11929 -0.7428181767463684
11930 0.35472190380096436
11931 -0.11863622069358826
11932 -0.8863983154296875
11933 -0.31218957901000977
11934 0.03768150135874748
11935 0.48027804493904114
11936 0.7634743452072144
11937 0.4947187006473541
11938 -0.8748905658721924
11939 -0.14078249037265778
11940 0.1996544748544693
11941 0.9843198657035828
11942 0.09830782562494278
11943 -0.020977577194571495
11944 0.507215142250061
11945 0.296149879693985
11946 0.484793096780777
11947 0.43385550379753113
11948 0.20416921377182007
11949 0.4409867823123932
11950 0.9632999897003174
11951 0.8874745965003967
11952 -2.297147035598755
11953 -0.058276377618312836
11954 -1.4346452951431274
11955 0.41397544741630554
11956 0.6748431921005249
11957 -0.9972590208053589
11958 0.31611382961273193
11959 -0.2046324908733368
11960 0.34157562255859375
11961 0.4837704300880432
11962 -1.0160242319107056
11963 -0.11336465179920197
11964 0.1555720567703247
11965 -0.11716697365045547
11966 0.4942915141582489
11967 0.5158658623695374
11968 -0.322807639837265
11969 -0.019816506654024124
11970 0.12393446266651154
11971 0.3591819107532501
11972 0.6280673146247864
11973 0.23474767804145813
11974 -1.88018798828125
11975 -0.41650211811065674
11976 0.2385229617357254
11977 -0.6031330227851868
11978 -0.44271278381347656
11979 -0.996843695640564
11980 -1.5616461038589478
11981 0.37321266531944275
11982 0.4585482180118561
11983 0.5412688255310059
11984 0.794460117816925
11985 0.6091321110725403
11986 0.6564399600028992
11987 0.43069151043891907
11988 0.12022684514522552
11989 -0.5841854214668274
11990 0.18299344182014465
11991 -1.8025587797164917
11992 0.33045992255210876
11993 0.4625208079814911
11994 -0.5754517316818237
11995 0.4005715847015381
11996 0.6518871188163757
11997 0.15721994638442993
11998 -2.1516807079315186
11999 0.1160520613193512
12000 0.3085635304450989
